0.246 1
0.255 2
0.257 3
0.261 4
0.263 5
0.264 6
0.268 7
0.275 8
0.288 9
0.288 10
0.305 11
0.307 12
0.311 13
0.322 14
0.322 15
0.377 16
0.383 17
0.383 18
0.407 19
0.430 20
0.436 21
0.441 22
0.449 23
0.472 24
0.477 25
0.513 26
0.514 27
0.515 28
0.525 29
0.545 30
0.558 31
0.560 32
0.562 33
0.564 34
0.564 35
0.567 36
0.567 37
0.574 38
0.586 39
0.597 40
0.603 41
0.609 42
0.615 43
0.623 44
0.634 45
0.640 46
0.640 47
0.660 48
0.711 49
0.729 50
0.734 51
0.738 52
0.769 53
0.850 54
0.859 55
0.865 56
0.883 57
0.928 58
1.040 59
1.143 60
1.201 61
1.209 62
1.229 63
1.241 64
1.268 65
1.282 66
1.300 67
1.309 68
1.317 69
1.364 70
1.446 71
1.459 72
1.479 73
1.560 74
1.579 75
1.591 76
1.612 77
1.637 78
1.658 79
1.832 80
1.881 81
2.284 82
2.289 83
2.290 84
2.415 85
2.474 86
2.553 87
2.820 88
2.822 89
2.848 90
2.882 91
3.028 92
3.047 93
3.072 94
3.246 95
3.262 96
3.322 97
3.377 98
3.437 99
3.458 100
3.462 101
3.684 102
3.790 103
3.874 104
3.884 105
3.955 106
4.060 107
4.403 108
4.540 109
4.695 110
4.881 111
4.915 112
4.931 113
5.030 114
5.105 115
5.279 116
5.641 117
5.870 118
5.898 119
6.018 120
6.079 121
6.530 122
6.658 123
6.979 124
7.162 125
7.169 126
7.201 127
7.367 128
7.401 129
7.403 130
7.531 131
7.701 132
7.746 133
7.937 134
8.020 135
8.052 136
8.127 137
8.191 138
8.931 139
8.975 140
9.083 141
9.268 142
9.389 143
9.493 144
9.785 145
9.923 146
10.046 147
10.474 148
10.780 149
10.887 150
10.986 151
11.356 152
11.435 153
11.849 154
11.923 155
11.953 156
12.027 157
12.181 158
12.277 159
12.480 160
12.530 161
12.554 162
12.559 163
12.583 164
12.610 165
12.783 166
13.469 167
13.738 168
13.750 169
13.944 170
13.996 171
14.000 172
14.245 173
14.375 174
14.494 175
14.754 176
14.839 177
14.943 178
15.004 179
15.765 180
15.921 181
16.777 182
17.344 183
17.392 184
17.469 185
18.433 186
18.637 187
18.886 188
19.735 189
19.939 190
20.174 191
20.510 192
20.610 193
20.961 194
22.951 195
23.006 196
23.236 197
23.414 198
24.209 199
24.688 200
25.422 201
26.425 202
26.565 203
28.047 204
29.412 205
30.881 206
32.152 207
32.811 208
32.856 209
33.676 210
33.690 211
37.401 212
39.463 213
39.873 214
40.529 215
41.034 216
41.100 217
41.206 218
41.507 219
42.485 220
46.323 221
47.178 222
48.695 223
49.462 224
49.698 225
49.867 226
51.375 227
51.485 228
53.529 229
55.795 230
56.097 231
56.741 232
56.984 233
58.143 234
58.199 235
58.340 236
59.872 237
60.224 238
60.557 239
63.383 240
63.663 241
63.767 242
64.410 243
65.186 244
65.532 245
68.161 246
70.879 247
72.454 248
74.574 249
75.970 250
80.761 251
81.315 252
81.512 253
83.438 254
84.055 255
86.143 256
86.634 257
89.685 258
91.237 259
92.972 260
98.018 261
101.510 262
105.340 263
106.160 264
109.654 265
109.866 266
115.485 267
118.405 268
123.196 269
136.725 270
138.682 271
140.875 272
156.299 273
157.976 274
171.187 275
177.076 276
193.913 277
203.352 278
203.895 279
233.880 280
245.829 281
248.671 282
298.177 283
