0.205 1
0.208 2
0.212 3
0.215 4
0.217 5
0.217 6
0.220 7
0.220 8
0.233 9
0.246 10
0.255 11
0.256 12
0.273 13
0.277 14
0.277 15
0.279 16
0.291 17
0.327 18
0.347 19
0.369 20
0.414 21
0.419 22
0.436 23
0.479 24
0.494 25
0.495 26
0.498 27
0.501 28
0.509 29
0.515 30
0.522 31
0.523 32
0.531 33
0.535 34
0.546 35
0.547 36
0.548 37
0.556 38
0.608 39
0.656 40
0.671 41
0.672 42
0.703 43
0.730 44
0.758 45
0.769 46
0.780 47
0.804 48
0.813 49
0.859 50
0.896 51
0.953 52
1.086 53
1.092 54
1.180 55
1.198 56
1.214 57
1.216 58
1.237 59
1.240 60
1.264 61
1.273 62
1.276 63
1.285 64
1.292 65
1.386 66
1.394 67
1.418 68
1.460 69
1.551 70
1.586 71
1.629 72
1.630 73
1.795 74
2.062 75
2.100 76
2.180 77
2.388 78
2.400 79
2.425 80
2.491 81
2.500 82
2.828 83
3.205 84
3.263 85
3.294 86
3.301 87
3.367 88
3.407 89
3.475 90
3.606 91
3.656 92
3.703 93
3.789 94
4.158 95
4.241 96
4.261 97
4.293 98
4.515 99
4.575 100
4.868 101
5.283 102
5.301 103
5.685 104
5.735 105
6.142 106
6.177 107
6.201 108
6.272 109
6.291 110
6.396 111
6.644 112
6.783 113
6.892 114
7.244 115
7.390 116
7.665 117
8.737 118
8.912 119
9.119 120
9.201 121
9.277 122
9.334 123
9.416 124
9.761 125
9.876 126
10.155 127
10.243 128
10.558 129
10.825 130
11.057 131
11.146 132
11.233 133
11.313 134
11.656 135
11.763 136
11.849 137
11.957 138
12.059 139
12.142 140
12.445 141
13.178 142
13.452 143
13.703 144
13.728 145
13.801 146
13.821 147
14.490 148
14.723 149
14.755 150
14.799 151
14.908 152
14.913 153
15.705 154
15.964 155
16.375 156
16.416 157
16.709 158
16.765 159
16.801 160
16.879 161
16.918 162
17.232 163
17.286 164
17.290 165
17.764 166
17.900 167
17.931 168
18.519 169
18.727 170
18.756 171
18.768 172
19.360 173
19.657 174
19.681 175
19.820 176
20.748 177
20.877 178
21.226 179
21.874 180
22.371 181
22.509 182
23.061 183
23.113 184
23.184 185
23.670 186
24.517 187
24.651 188
24.872 189
25.815 190
26.770 191
29.114 192
29.496 193
29.513 194
29.852 195
30.986 196
34.781 197
35.257 198
35.607 199
36.250 200
36.389 201
37.224 202
38.466 203
38.990 204
39.151 205
40.090 206
40.479 207
41.024 208
41.103 209
43.498 210
43.639 211
45.182 212
46.694 213
48.442 214
49.434 215
49.830 216
50.183 217
50.377 218
55.158 219
55.909 220
57.378 221
62.575 222
62.721 223
63.067 224
63.100 225
65.371 226
68.619 227
70.585 228
70.834 229
71.372 230
74.385 231
79.192 232
79.829 233
85.482 234
87.285 235
88.252 236
91.432 237
92.061 238
92.653 239
94.992 240
96.900 241
98.013 242
98.705 243
101.154 244
101.309 245
105.338 246
107.882 247
109.818 248
110.314 249
111.791 250
113.553 251
114.565 252
128.014 253
130.440 254
134.161 255
135.910 256
140.203 257
142.230 258
146.884 259
150.834 260
156.324 261
159.224 262
160.035 263
169.601 264
174.281 265
179.556 266
190.378 267
201.733 268
202.549 269
208.787 270
220.483 271
226.798 272
270.466 273
280.479 274
299.392 275
