0.219 1
0.226 2
0.240 3
0.241 4
0.244 5
0.248 6
0.249 7
0.258 8
0.261 9
0.263 10
0.284 11
0.284 12
0.289 13
0.292 14
0.296 15
0.310 16
0.327 17
0.390 18
0.398 19
0.429 20
0.443 21
0.445 22
0.467 23
0.475 24
0.503 25
0.509 26
0.545 27
0.546 28
0.552 29
0.553 30
0.555 31
0.560 32
0.576 33
0.593 34
0.598 35
0.600 36
0.603 37
0.609 38
0.682 39
0.695 40
0.757 41
0.767 42
0.773 43
0.778 44
0.821 45
0.848 46
0.907 47
0.946 48
0.952 49
0.968 50
1.111 51
1.169 52
1.206 53
1.266 54
1.409 55
1.430 56
1.441 57
1.441 58
1.452 59
1.455 60
1.456 61
1.469 62
1.480 63
1.484 64
1.505 65
1.515 66
1.534 67
1.555 68
1.555 69
1.579 70
1.593 71
1.883 72
1.909 73
1.955 74
1.978 75
1.999 76
2.125 77
2.137 78
2.180 79
2.196 80
2.358 81
2.429 82
3.039 83
3.208 84
3.236 85
3.304 86
3.483 87
3.795 88
3.795 89
3.908 90
3.923 91
4.069 92
4.099 93
4.340 94
4.482 95
4.576 96
4.704 97
4.743 98
4.802 99
4.902 100
4.964 101
5.292 102
5.351 103
5.458 104
5.472 105
5.551 106
5.611 107
5.779 108
6.037 109
6.041 110
6.094 111
6.173 112
6.504 113
6.520 114
6.780 115
7.308 116
7.484 117
7.548 118
8.004 119
8.141 120
8.154 121
8.258 122
8.291 123
8.726 124
8.742 125
8.749 126
9.902 127
10.080 128
10.285 129
10.597 130
10.821 131
10.832 132
11.369 133
11.494 134
11.775 135
11.920 136
12.158 137
12.253 138
12.307 139
12.901 140
13.743 141
13.861 142
13.951 143
13.955 144
14.295 145
14.487 146
15.093 147
15.580 148
16.307 149
16.583 150
16.696 151
17.315 152
17.549 153
17.600 154
17.835 155
17.895 156
18.291 157
18.438 158
18.521 159
18.561 160
18.791 161
18.975 162
19.280 163
19.354 164
19.430 165
19.943 166
20.168 167
20.317 168
20.438 169
20.544 170
20.914 171
21.231 172
21.252 173
21.429 174
21.696 175
22.099 176
22.578 177
22.774 178
23.368 179
23.495 180
23.899 181
24.097 182
24.117 183
25.455 184
25.718 185
25.787 186
27.450 187
27.624 188
28.558 189
28.639 190
30.359 191
30.610 192
30.819 193
30.845 194
32.043 195
33.833 196
34.628 197
35.252 198
36.132 199
36.133 200
36.869 201
37.395 202
39.335 203
39.711 204
40.736 205
42.235 206
43.166 207
43.679 208
44.201 209
45.423 210
45.626 211
47.445 212
48.684 213
51.336 214
52.909 215
54.420 216
55.824 217
60.959 218
61.138 219
63.750 220
67.363 221
69.544 222
70.984 223
71.738 224
72.448 225
73.152 226
73.244 227
76.724 228
79.919 229
79.972 230
79.982 231
81.677 232
82.292 233
89.771 234
94.961 235
95.434 236
97.087 237
97.919 238
102.390 239
103.009 240
103.480 241
104.492 242
104.811 243
105.261 244
111.227 245
111.315 246
118.567 247
124.887 248
139.991 249
140.249 250
143.390 251
152.209 252
155.495 253
156.163 254
157.940 255
159.092 256
159.573 257
161.096 258
166.050 259
167.438 260
174.839 261
177.452 262
179.943 263
204.839 264
208.055 265
208.076 266
228.789 267
236.710 268
254.348 269
268.463 270
275.684 271
288.160 272
