0.343 1
0.345 2
0.360 3
0.361 4
0.396 5
0.495 6
0.514 7
0.521 8
0.525 9
0.545 10
0.548 11
0.570 12
0.571 13
0.573 14
0.587 15
0.600 16
0.661 17
0.673 18
0.684 19
0.684 20
0.719 21
0.731 22
0.735 23
0.748 24
0.802 25
0.832 26
0.873 27
0.885 28
0.886 29
0.909 30
0.944 31
0.945 32
0.945 33
0.949 34
0.952 35
0.954 36
0.955 37
0.955 38
0.964 39
0.975 40
0.989 41
0.997 42
1.020 43
1.024 44
1.073 45
1.112 46
1.134 47
1.140 48
1.171 49
1.209 50
1.227 51
1.237 52
1.286 53
1.385 54
1.427 55
1.439 56
1.441 57
1.451 58
1.516 59
1.537 60
1.693 61
1.710 62
1.727 63
1.743 64
1.805 65
1.836 66
1.857 67
1.907 68
1.907 69
1.913 70
2.005 71
2.009 72
2.126 73
2.163 74
2.192 75
2.204 76
2.241 77
2.525 78
2.535 79
2.619 80
2.620 81
2.760 82
2.844 83
2.882 84
2.899 85
2.932 86
3.010 87
3.142 88
3.199 89
3.222 90
3.762 91
3.886 92
3.970 93
4.034 94
4.038 95
4.040 96
4.043 97
4.126 98
4.164 99
4.281 100
4.568 101
4.595 102
4.666 103
5.120 104
5.161 105
5.285 106
5.333 107
5.501 108
5.556 109
5.615 110
5.657 111
5.730 112
5.953 113
6.524 114
6.581 115
6.950 116
7.078 117
7.200 118
7.321 119
7.534 120
7.588 121
7.595 122
7.638 123
7.734 124
8.110 125
8.129 126
8.137 127
8.579 128
9.031 129
9.182 130
9.324 131
9.547 132
10.006 133
10.243 134
10.275 135
10.554 136
10.686 137
10.714 138
11.052 139
11.218 140
11.864 141
12.042 142
12.130 143
12.202 144
12.525 145
12.642 146
13.093 147
13.162 148
13.319 149
13.540 150
14.092 151
14.701 152
15.040 153
15.150 154
15.203 155
15.589 156
15.826 157
16.406 158
16.476 159
17.036 160
17.417 161
17.861 162
18.026 163
18.119 164
18.221 165
18.224 166
18.384 167
18.528 168
18.903 169
19.050 170
19.606 171
19.755 172
20.135 173
20.170 174
20.181 175
20.869 176
21.078 177
21.530 178
21.866 179
22.503 180
22.562 181
22.583 182
23.638 183
24.058 184
24.337 185
24.610 186
24.675 187
24.899 188
25.205 189
25.543 190
26.212 191
26.501 192
27.804 193
28.360 194
28.783 195
29.670 196
31.082 197
31.214 198
32.954 199
33.224 200
34.193 201
34.225 202
34.773 203
35.101 204
36.061 205
36.131 206
38.312 207
41.089 208
43.592 209
43.850 210
45.033 211
48.919 212
49.908 213
50.406 214
52.104 215
53.377 216
58.053 217
58.789 218
59.752 219
60.094 220
62.519 221
63.618 222
65.385 223
67.480 224
68.422 225
69.417 226
69.524 227
69.821 228
71.209 229
74.613 230
77.054 231
79.746 232
81.703 233
83.563 234
84.023 235
86.391 236
86.444 237
87.364 238
88.374 239
89.094 240
89.272 241
89.688 242
89.805 243
90.056 244
91.105 245
91.765 246
93.447 247
93.562 248
93.710 249
98.566 250
98.773 251
100.007 252
102.235 253
108.362 254
108.516 255
111.405 256
112.551 257
118.062 258
126.655 259
128.972 260
129.057 261
135.935 262
136.730 263
142.361 264
144.770 265
145.609 266
147.886 267
148.554 268
148.813 269
149.932 270
160.499 271
163.936 272
172.112 273
180.656 274
181.905 275
189.570 276
195.578 277
200.564 278
203.034 279
208.907 280
214.345 281
268.007 282
287.982 283
