0.372 1
0.385 2
0.387 3
0.393 4
0.400 5
0.505 6
0.551 7
0.552 8
0.553 9
0.557 10
0.558 11
0.565 12
0.577 13
0.579 14
0.590 15
0.613 16
0.615 17
0.618 18
0.632 19
0.650 20
0.655 21
0.696 22
0.713 23
0.730 24
0.745 25
0.856 26
0.861 27
0.893 28
0.913 29
0.916 30
0.917 31
0.922 32
0.923 33
0.931 34
0.936 35
0.952 36
0.963 37
0.964 38
0.966 39
0.967 40
0.976 41
0.977 42
0.979 43
0.982 44
0.986 45
0.999 46
1.030 47
1.043 48
1.047 49
1.094 50
1.103 51
1.104 52
1.114 53
1.160 54
1.162 55
1.273 56
1.286 57
1.311 58
1.355 59
1.399 60
1.404 61
1.485 62
1.552 63
1.574 64
1.575 65
1.580 66
1.641 67
1.644 68
1.687 69
1.793 70
1.851 71
1.867 72
1.877 73
1.889 74
1.914 75
2.092 76
2.099 77
2.135 78
2.260 79
2.310 80
2.410 81
2.468 82
2.499 83
2.516 84
2.685 85
2.762 86
2.860 87
2.871 88
2.903 89
2.906 90
2.961 91
3.192 92
3.261 93
3.404 94
3.624 95
3.636 96
3.700 97
3.729 98
3.760 99
4.163 100
4.168 101
4.274 102
4.378 103
4.378 104
4.679 105
5.099 106
5.122 107
5.127 108
5.238 109
5.259 110
5.399 111
5.410 112
5.502 113
5.648 114
5.864 115
6.141 116
6.385 117
6.393 118
6.544 119
6.581 120
6.695 121
6.748 122
7.281 123
7.343 124
7.395 125
7.712 126
7.784 127
7.958 128
8.063 129
8.171 130
8.601 131
8.716 132
8.848 133
8.860 134
8.863 135
9.061 136
9.093 137
9.118 138
9.249 139
9.359 140
9.511 141
9.976 142
10.051 143
10.187 144
10.250 145
10.320 146
10.750 147
11.426 148
11.553 149
11.767 150
11.771 151
11.977 152
12.199 153
12.508 154
12.765 155
12.915 156
13.028 157
14.242 158
14.331 159
15.392 160
15.441 161
15.781 162
16.249 163
16.332 164
16.472 165
16.614 166
16.619 167
16.648 168
16.675 169
16.814 170
16.886 171
16.915 172
16.930 173
17.155 174
18.071 175
18.259 176
18.260 177
18.688 178
18.773 179
18.934 180
19.194 181
19.225 182
19.289 183
20.018 184
20.973 185
21.152 186
21.542 187
22.327 188
22.560 189
22.583 190
22.685 191
23.116 192
25.533 193
27.854 194
28.265 195
29.302 196
29.411 197
29.524 198
30.225 199
31.085 200
31.845 201
33.474 202
34.160 203
34.235 204
34.701 205
35.749 206
35.785 207
36.644 208
37.501 209
38.482 210
38.766 211
39.127 212
39.581 213
44.028 214
44.849 215
44.855 216
48.590 217
48.956 218
49.286 219
49.388 220
49.696 221
49.760 222
55.609 223
56.447 224
57.081 225
57.217 226
57.802 227
59.602 228
62.742 229
63.006 230
64.500 231
65.635 232
65.982 233
66.821 234
67.880 235
67.933 236
68.317 237
68.719 238
68.906 239
69.350 240
69.467 241
69.699 242
70.626 243
72.639 244
75.931 245
77.257 246
77.529 247
78.349 248
80.814 249
82.500 250
82.659 251
83.106 252
83.467 253
83.704 254
85.631 255
85.723 256
86.021 257
86.529 258
87.248 259
87.352 260
91.955 261
94.434 262
95.154 263
96.537 264
105.502 265
114.117 266
119.843 267
123.828 268
126.490 269
128.129 270
132.792 271
135.449 272
142.716 273
156.970 274
159.409 275
166.151 276
167.375 277
167.795 278
184.505 279
200.760 280
208.229 281
250.848 282
258.582 283
279.889 284
282.909 285
