0.257 1
0.259 2
0.277 3
0.288 4
0.295 5
0.304 6
0.311 7
0.318 8
0.324 9
0.333 10
0.345 11
0.346 12
0.369 13
0.371 14
0.378 15
0.379 16
0.381 17
0.390 18
0.392 19
0.398 20
0.436 21
0.437 22
0.451 23
0.451 24
0.458 25
0.524 26
0.530 27
0.536 28
0.561 29
0.568 30
0.569 31
0.574 32
0.577 33
0.579 34
0.580 35
0.580 36
0.593 37
0.599 38
0.600 39
0.603 40
0.603 41
0.607 42
0.610 43
0.615 44
0.621 45
0.623 46
0.628 47
0.629 48
0.632 49
0.634 50
0.663 51
0.674 52
0.690 53
0.704 54
0.736 55
0.765 56
0.778 57
0.842 58
0.860 59
0.864 60
0.912 61
0.932 62
0.933 63
0.949 64
1.005 65
1.060 66
1.219 67
1.233 68
1.247 69
1.319 70
1.320 71
1.358 72
1.400 73
1.432 74
1.437 75
1.491 76
1.497 77
1.561 78
1.562 79
1.582 80
1.604 81
1.615 82
1.727 83
1.737 84
1.947 85
2.012 86
2.208 87
2.252 88
2.308 89
2.324 90
2.325 91
2.394 92
2.437 93
2.473 94
2.545 95
2.709 96
2.859 97
2.914 98
2.936 99
2.955 100
2.987 101
3.014 102
3.242 103
3.265 104
3.402 105
3.494 106
3.606 107
3.822 108
3.886 109
3.949 110
4.478 111
4.515 112
4.535 113
4.557 114
4.611 115
4.741 116
4.814 117
4.879 118
4.919 119
4.962 120
4.985 121
5.018 122
5.207 123
5.313 124
5.337 125
5.442 126
5.458 127
5.971 128
5.976 129
6.105 130
6.277 131
6.432 132
6.472 133
6.513 134
6.806 135
6.848 136
6.948 137
7.143 138
7.250 139
7.472 140
7.492 141
7.614 142
7.685 143
7.832 144
7.858 145
7.926 146
7.996 147
8.210 148
8.287 149
8.358 150
8.599 151
8.931 152
9.257 153
9.448 154
9.592 155
9.861 156
10.056 157
10.094 158
10.440 159
10.528 160
10.648 161
10.752 162
10.924 163
11.572 164
11.572 165
11.743 166
11.755 167
11.790 168
12.019 169
12.233 170
12.730 171
12.956 172
12.991 173
13.219 174
13.227 175
13.302 176
13.461 177
13.555 178
13.611 179
13.673 180
13.702 181
13.860 182
13.903 183
13.942 184
14.240 185
14.434 186
14.992 187
15.356 188
15.377 189
16.165 190
16.250 191
17.048 192
17.630 193
17.891 194
18.342 195
18.483 196
19.475 197
19.585 198
20.006 199
20.164 200
20.536 201
20.748 202
20.779 203
22.128 204
22.349 205
22.612 206
22.936 207
22.951 208
24.370 209
24.865 210
26.631 211
29.260 212
31.046 213
31.302 214
31.634 215
31.773 216
35.941 217
36.091 218
38.324 219
39.851 220
40.009 221
40.374 222
40.827 223
40.955 224
41.057 225
41.770 226
41.775 227
41.823 228
41.837 229
41.988 230
42.841 231
43.067 232
43.379 233
44.534 234
44.646 235
46.127 236
50.723 237
51.485 238
52.172 239
53.253 240
53.372 241
54.631 242
56.262 243
56.434 244
56.721 245
57.773 246
58.180 247
59.872 248
62.259 249
62.904 250
64.481 251
65.010 252
65.323 253
65.974 254
67.726 255
71.965 256
72.970 257
73.975 258
74.293 259
75.080 260
76.845 261
77.739 262
80.965 263
82.715 264
88.180 265
92.197 266
92.974 267
93.145 268
94.030 269
95.772 270
100.365 271
101.513 272
117.352 273
123.364 274
130.166 275
139.248 276
147.003 277
148.449 278
193.834 279
195.030 280
226.126 281
232.382 282
233.658 283
252.195 284
257.166 285
264.705 286
267.320 287
269.710 288
270.319 289
274.560 290
278.237 291
292.342 292
294.782 293
