0.197 1
0.201 2
0.204 3
0.213 4
0.214 5
0.221 6
0.221 7
0.222 8
0.224 9
0.229 10
0.252 11
0.281 12
0.288 13
0.292 14
0.307 15
0.315 16
0.364 17
0.398 18
0.402 19
0.418 20
0.421 21
0.514 22
0.517 23
0.518 24
0.528 25
0.542 26
0.544 27
0.544 28
0.550 29
0.557 30
0.561 31
0.620 32
0.633 33
0.703 34
0.716 35
0.734 36
0.755 37
0.758 38
0.797 39
0.813 40
0.921 41
1.034 42
1.113 43
1.135 44
1.166 45
1.177 46
1.186 47
1.247 48
1.303 49
1.317 50
1.401 51
1.411 52
1.472 53
1.482 54
1.533 55
1.654 56
1.757 57
2.188 58
2.227 59
2.308 60
2.445 61
2.572 62
2.719 63
2.787 64
2.818 65
3.159 66
3.251 67
3.844 68
4.080 69
4.225 70
4.371 71
4.469 72
4.486 73
4.686 74
4.686 75
4.878 76
5.564 77
5.606 78
6.655 79
6.655 80
7.109 81
7.191 82
7.215 83
7.309 84
7.344 85
7.403 86
7.530 87
7.610 88
7.767 89
7.803 90
7.900 91
7.962 92
7.964 93
8.723 94
8.759 95
8.914 96
9.576 97
9.669 98
9.807 99
10.148 100
10.484 101
10.715 102
10.825 103
11.275 104
11.425 105
11.495 106
11.963 107
12.109 108
12.368 109
12.781 110
12.786 111
13.043 112
13.213 113
13.399 114
13.691 115
13.882 116
14.104 117
14.264 118
14.688 119
14.887 120
15.615 121
15.681 122
16.298 123
16.357 124
16.971 125
17.196 126
17.383 127
18.048 128
18.337 129
18.534 130
19.207 131
19.575 132
21.173 133
21.573 134
21.716 135
21.912 136
22.235 137
22.971 138
23.737 139
24.001 140
24.038 141
24.892 142
24.931 143
25.190 144
25.375 145
25.429 146
25.683 147
25.737 148
25.828 149
25.941 150
26.103 151
26.822 152
27.786 153
29.446 154
29.695 155
29.784 156
29.843 157
30.012 158
30.166 159
30.240 160
31.740 161
32.413 162
32.933 163
34.710 164
35.081 165
36.637 166
37.124 167
37.697 168
38.083 169
39.268 170
40.476 171
42.590 172
43.589 173
43.839 174
44.138 175
44.817 176
45.719 177
45.887 178
47.045 179
47.187 180
47.397 181
47.810 182
48.655 183
49.939 184
50.835 185
51.764 186
53.481 187
53.723 188
55.459 189
55.539 190
56.868 191
57.571 192
57.614 193
58.913 194
59.447 195
60.335 196
60.337 197
60.872 198
62.164 199
63.209 200
63.539 201
64.084 202
66.571 203
70.375 204
70.415 205
78.735 206
81.228 207
82.778 208
84.688 209
86.992 210
94.882 211
107.686 212
109.492 213
109.571 214
114.221 215
116.019 216
117.647 217
121.193 218
122.687 219
124.016 220
130.676 221
132.339 222
132.668 223
144.448 224
148.927 225
163.741 226
167.115 227
167.308 228
167.925 229
169.186 230
171.400 231
172.012 232
177.993 233
179.371 234
182.648 235
185.705 236
191.434 237
192.114 238
192.416 239
196.056 240
196.992 241
207.595 242
209.362 243
213.023 244
224.143 245
224.175 246
227.038 247
255.255 248
266.991 249
267.741 250
271.784 251
291.329 252
299.409 253
