0.275 1
0.278 2
0.280 3
0.288 4
0.295 5
0.296 6
0.303 7
0.324 8
0.329 9
0.338 10
0.341 11
0.342 12
0.342 13
0.359 14
0.364 15
0.425 16
0.427 17
0.454 18
0.470 19
0.479 20
0.485 21
0.491 22
0.500 23
0.513 24
0.542 25
0.559 26
0.583 27
0.592 28
0.603 29
0.605 30
0.606 31
0.615 32
0.642 33
0.661 34
0.663 35
0.676 36
0.684 37
0.692 38
0.699 39
0.704 40
0.708 41
0.708 42
0.712 43
0.737 44
0.758 45
0.759 46
0.761 47
0.763 48
0.821 49
0.843 50
0.901 51
0.954 52
0.988 53
0.992 54
1.039 55
1.170 56
1.239 57
1.296 58
1.364 59
1.401 60
1.485 61
1.486 62
1.490 63
1.505 64
1.528 65
1.544 66
1.572 67
1.575 68
1.619 69
1.676 70
1.771 71
1.806 72
2.037 73
2.074 74
2.074 75
2.144 76
2.287 77
2.334 78
2.479 79
2.497 80
2.552 81
2.670 82
2.730 83
2.964 84
3.013 85
3.050 86
3.127 87
3.229 88
3.339 89
3.361 90
3.423 91
3.425 92
3.653 93
3.766 94
3.933 95
4.017 96
4.046 97
4.292 98
4.451 99
4.664 100
4.668 101
4.763 102
4.789 103
4.973 104
4.983 105
5.009 106
5.107 107
5.312 108
5.420 109
5.472 110
5.666 111
5.680 112
6.246 113
6.422 114
6.518 115
6.969 116
7.192 117
7.270 118
7.598 119
7.640 120
7.661 121
7.735 122
7.976 123
8.016 124
8.214 125
8.486 126
8.904 127
8.979 128
9.012 129
9.256 130
9.258 131
9.325 132
9.360 133
9.424 134
9.675 135
9.732 136
9.916 137
9.998 138
10.012 139
10.019 140
10.230 141
10.255 142
10.453 143
10.483 144
10.523 145
10.534 146
10.841 147
10.903 148
10.955 149
11.305 150
11.388 151
11.540 152
11.947 153
12.235 154
13.095 155
13.342 156
13.414 157
13.459 158
13.810 159
13.932 160
14.024 161
14.152 162
14.312 163
14.358 164
14.537 165
14.715 166
14.739 167
14.780 168
14.795 169
14.978 170
15.132 171
15.221 172
15.371 173
15.389 174
15.415 175
15.479 176
15.821 177
16.167 178
16.619 179
17.012 180
17.259 181
17.316 182
17.445 183
18.036 184
18.195 185
20.095 186
20.890 187
22.691 188
23.011 189
24.347 190
25.460 191
25.657 192
25.762 193
25.801 194
26.542 195
26.783 196
27.143 197
27.476 198
27.885 199
28.104 200
28.531 201
29.197 202
29.536 203
30.648 204
31.879 205
33.199 206
33.497 207
33.707 208
34.965 209
36.412 210
37.173 211
39.550 212
42.709 213
43.008 214
43.601 215
44.510 216
44.643 217
44.997 218
45.190 219
45.254 220
45.408 221
45.571 222
46.810 223
47.497 224
48.554 225
53.516 226
53.864 227
54.985 228
55.615 229
55.873 230
57.054 231
57.067 232
57.845 233
57.922 234
58.622 235
59.450 236
59.592 237
60.174 238
61.042 239
61.421 240
63.519 241
66.000 242
67.106 243
67.804 244
68.992 245
70.416 246
72.558 247
75.846 248
76.256 249
76.416 250
80.677 251
81.488 252
83.927 253
88.670 254
90.813 255
92.620 256
94.203 257
95.745 258
99.067 259
99.701 260
100.026 261
104.036 262
108.301 263
112.232 264
112.572 265
116.648 266
116.821 267
117.453 268
119.714 269
121.456 270
126.076 271
130.122 272
131.480 273
143.365 274
163.659 275
165.455 276
168.353 277
169.807 278
172.303 279
178.206 280
285.279 281
303.349 282
