0.154 1
0.165 2
0.174 3
0.175 4
0.177 5
0.178 6
0.182 7
0.182 8
0.184 9
0.184 10
0.187 11
0.188 12
0.190 13
0.191 14
0.193 15
0.195 16
0.196 17
0.198 18
0.199 19
0.199 20
0.200 21
0.203 22
0.205 23
0.208 24
0.210 25
0.211 26
0.211 27
0.211 28
0.211 29
0.212 30
0.212 31
0.213 32
0.215 33
0.216 34
0.216 35
0.218 36
0.219 37
0.220 38
0.222 39
0.225 40
0.225 41
0.226 42
0.228 43
0.234 44
0.234 45
0.234 46
0.234 47
0.238 48
0.241 49
0.242 50
0.245 51
0.246 52
0.252 53
0.255 54
0.257 55
0.268 56
0.272 57
0.272 58
0.307 59
0.310 60
0.314 61
0.322 62
0.333 63
0.364 64
0.368 65
0.402 66
0.422 67
0.423 68
0.457 69
0.476 70
0.479 71
0.484 72
0.497 73
0.503 74
0.505 75
0.512 76
0.535 77
0.559 78
0.571 79
0.595 80
0.646 81
0.652 82
0.658 83
0.689 84
0.709 85
0.714 86
0.730 87
0.740 88
0.758 89
0.761 90
0.835 91
0.874 92
0.889 93
0.901 94
0.930 95
0.945 96
1.097 97
1.164 98
1.249 99
1.401 100
1.636 101
1.653 102
1.657 103
1.788 104
2.111 105
2.269 106
2.307 107
2.557 108
2.843 109
3.072 110
3.433 111
4.075 112
4.315 113
4.423 114
4.436 115
4.526 116
5.630 117
5.906 118
5.944 119
6.025 120
6.676 121
6.684 122
7.053 123
7.286 124
7.427 125
7.442 126
7.524 127
7.956 128
8.657 129
8.682 130
8.687 131
8.833 132
8.860 133
9.125 134
9.316 135
9.351 136
9.528 137
9.798 138
9.800 139
10.047 140
10.267 141
10.273 142
10.296 143
10.321 144
10.505 145
10.606 146
10.655 147
10.702 148
11.014 149
11.135 150
11.377 151
11.426 152
11.494 153
11.663 154
11.702 155
11.783 156
11.837 157
12.113 158
12.335 159
12.584 160
12.759 161
12.987 162
13.180 163
13.213 164
13.602 165
13.862 166
14.749 167
14.823 168
15.488 169
16.574 170
17.247 171
17.352 172
17.402 173
17.463 174
17.530 175
17.592 176
17.612 177
18.002 178
18.203 179
18.385 180
18.421 181
18.454 182
18.474 183
18.707 184
18.940 185
18.954 186
19.668 187
19.709 188
19.806 189
19.984 190
20.349 191
20.577 192
20.883 193
21.809 194
22.299 195
24.287 196
24.983 197
25.738 198
26.097 199
26.406 200
26.740 201
28.448 202
29.336 203
29.992 204
30.609 205
32.460 206
33.303 207
33.388 208
33.577 209
33.627 210
33.752 211
35.822 212
37.181 213
37.400 214
37.674 215
38.497 216
39.845 217
41.717 218
43.044 219
43.151 220
44.089 221
44.655 222
49.372 223
49.495 224
51.615 225
53.267 226
53.579 227
55.672 228
57.581 229
58.329 230
58.630 231
62.107 232
64.366 233
68.280 234
76.189 235
76.824 236
76.929 237
79.825 238
81.257 239
81.348 240
82.971 241
83.186 242
83.271 243
91.386 244
94.758 245
95.947 246
97.297 247
110.387 248
110.621 249
116.611 250
119.786 251
124.061 252
124.347 253
128.746 254
130.812 255
131.386 256
137.412 257
140.461 258
142.268 259
144.145 260
145.505 261
148.704 262
152.169 263
161.934 264
168.689 265
169.195 266
170.560 267
181.755 268
186.674 269
201.877 270
219.662 271
222.421 272
227.918 273
232.704 274
268.518 275
273.126 276
275.785 277
276.021 278
282.803 279
293.762 280
