0.243 1
0.286 2
0.289 3
0.308 4
0.311 5
0.397 6
0.431 7
0.437 8
0.454 9
0.454 10
0.460 11
0.470 12
0.475 13
0.499 14
0.532 15
0.538 16
0.573 17
0.616 18
0.646 19
0.655 20
0.721 21
0.793 22
0.811 23
0.839 24
0.860 25
0.866 26
0.872 27
0.880 28
0.960 29
0.972 30
0.998 31
1.001 32
1.018 33
1.020 34
1.048 35
1.124 36
1.127 37
1.232 38
1.333 39
1.360 40
1.363 41
1.450 42
1.549 43
1.609 44
1.706 45
1.717 46
1.774 47
1.780 48
1.786 49
1.817 50
1.849 51
1.873 52
1.964 53
1.997 54
2.127 55
2.141 56
2.288 57
2.295 58
2.395 59
2.524 60
2.785 61
2.823 62
3.142 63
3.221 64
3.246 65
3.318 66
3.351 67
3.713 68
3.805 69
3.807 70
3.859 71
4.351 72
4.996 73
5.155 74
5.297 75
5.305 76
5.387 77
5.455 78
6.245 79
7.494 80
7.720 81
8.372 82
8.670 83
8.688 84
8.762 85
8.793 86
9.074 87
9.308 88
9.308 89
9.330 90
9.548 91
9.700 92
10.048 93
10.218 94
10.255 95
10.320 96
10.423 97
11.165 98
11.859 99
12.464 100
12.603 101
12.782 102
13.234 103
13.483 104
13.564 105
13.992 106
14.793 107
15.245 108
15.875 109
16.020 110
16.233 111
16.627 112
16.929 113
17.032 114
17.086 115
17.313 116
18.152 117
18.577 118
18.652 119
18.817 120
19.253 121
19.720 122
19.839 123
19.840 124
20.992 125
21.226 126
21.462 127
22.070 128
22.939 129
23.084 130
23.210 131
23.863 132
24.238 133
25.264 134
25.750 135
26.784 136
26.919 137
27.086 138
27.680 139
30.464 140
30.520 141
30.643 142
30.653 143
30.941 144
31.050 145
31.055 146
31.476 147
32.049 148
32.935 149
33.147 150
33.232 151
33.892 152
34.576 153
34.815 154
34.932 155
36.386 156
36.559 157
36.870 158
38.596 159
40.907 160
41.161 161
43.544 162
43.596 163
46.576 164
47.327 165
50.707 166
51.047 167
54.051 168
54.113 169
54.702 170
54.821 171
54.825 172
55.276 173
56.448 174
56.457 175
56.519 176
56.660 177
57.226 178
57.328 179
58.416 180
60.186 181
62.779 182
64.628 183
65.809 184
66.512 185
66.752 186
67.410 187
67.586 188
69.228 189
70.703 190
71.349 191
72.736 192
74.335 193
75.790 194
75.836 195
76.366 196
77.210 197
77.950 198
79.078 199
83.130 200
83.509 201
83.941 202
86.317 203
87.063 204
90.670 205
96.002 206
97.129 207
97.482 208
99.966 209
101.268 210
102.687 211
109.212 212
110.327 213
122.210 214
126.414 215
135.857 216
137.462 217
140.192 218
146.851 219
151.225 220
156.809 221
161.212 222
163.773 223
164.720 224
167.936 225
168.358 226
170.508 227
171.561 228
183.297 229
195.650 230
197.882 231
202.179 232
202.427 233
205.018 234
207.035 235
207.877 236
208.299 237
219.807 238
220.359 239
222.747 240
224.456 241
225.964 242
226.259 243
226.377 244
236.103 245
236.948 246
237.407 247
256.858 248
281.625 249
285.818 250
288.019 251
289.793 252
289.798 253
291.579 254
293.173 255
297.293 256
309.290 257
