0.168 1
0.173 2
0.178 3
0.181 4
0.191 5
0.194 6
0.200 7
0.208 8
0.208 9
0.237 10
0.241 11
0.246 12
0.252 13
0.272 14
0.275 15
0.306 16
0.343 17
0.386 18
0.388 19
0.396 20
0.415 21
0.473 22
0.481 23
0.488 24
0.491 25
0.508 26
0.522 27
0.533 28
0.537 29
0.545 30
0.563 31
0.575 32
0.586 33
0.626 34
0.640 35
0.670 36
0.674 37
0.693 38
0.705 39
0.751 40
0.857 41
0.901 42
0.970 43
0.992 44
1.055 45
1.172 46
1.183 47
1.198 48
1.209 49
1.234 50
1.250 51
1.260 52
1.342 53
1.373 54
1.396 55
1.445 56
1.481 57
1.631 58
1.706 59
1.720 60
1.763 61
2.092 62
2.125 63
2.262 64
2.278 65
2.317 66
2.413 67
2.413 68
2.561 69
2.722 70
2.946 71
3.062 72
3.415 73
3.809 74
3.967 75
4.553 76
4.648 77
4.719 78
4.973 79
5.974 80
6.111 81
6.250 82
6.382 83
6.478 84
6.503 85
6.545 86
6.595 87
6.712 88
7.032 89
7.134 90
7.198 91
7.328 92
7.382 93
7.562 94
7.634 95
7.746 96
7.804 97
8.183 98
8.209 99
8.560 100
9.534 101
9.678 102
10.199 103
10.250 104
10.386 105
10.780 106
10.987 107
11.136 108
11.185 109
11.253 110
11.505 111
11.673 112
11.687 113
12.199 114
12.631 115
12.672 116
13.095 117
13.286 118
13.779 119
14.609 120
14.762 121
15.301 122
15.359 123
15.501 124
15.504 125
15.797 126
15.877 127
15.892 128
15.909 129
16.021 130
16.169 131
16.798 132
17.221 133
17.392 134
17.432 135
17.864 136
18.040 137
19.922 138
20.234 139
21.692 140
21.786 141
22.207 142
22.247 143
22.393 144
22.446 145
22.501 146
22.790 147
23.009 148
23.064 149
23.182 150
23.240 151
23.410 152
23.567 153
23.717 154
24.244 155
24.351 156
24.694 157
25.408 158
27.505 159
28.200 160
29.166 161
29.596 162
29.748 163
30.180 164
30.294 165
30.562 166
30.818 167
31.919 168
33.187 169
34.136 170
34.151 171
34.380 172
34.391 173
34.937 174
35.152 175
38.152 176
39.399 177
42.240 178
43.125 179
43.344 180
43.756 181
43.926 182
44.215 183
46.209 184
47.768 185
47.903 186
48.261 187
48.869 188
49.323 189
50.254 190
50.427 191
50.930 192
51.196 193
52.962 194
53.314 195
53.992 196
55.764 197
55.771 198
55.938 199
56.083 200
56.113 201
56.212 202
58.922 203
59.250 204
59.268 205
59.560 206
59.931 207
60.511 208
63.231 209
64.325 210
78.496 211
81.218 212
86.887 213
90.727 214
92.995 215
93.046 216
93.303 217
100.905 218
108.777 219
110.496 220
110.700 221
112.192 222
113.666 223
114.183 224
117.368 225
119.088 226
121.719 227
122.562 228
135.991 229
141.261 230
142.160 231
145.878 232
152.997 233
153.738 234
154.254 235
156.121 236
159.653 237
160.302 238
162.135 239
178.584 240
179.283 241
181.452 242
181.955 243
183.048 244
185.970 245
186.098 246
187.176 247
193.486 248
199.473 249
202.378 250
203.016 251
208.913 252
209.173 253
227.873 254
251.707 255
263.142 256
271.428 257
