0.01 1
0.02 2
0.02 3
0.02 4
0.02 5
0.02 6
0.02 7
0.03 8
0.05 9
0.05 10
0.11 11
0.12 12
0.17 13
0.17 14
0.21 15
0.25 16
0.29 17
0.29 18
0.33 19
0.36 20
0.41 21
0.51 22
0.52 23
0.64 24
0.65 25
0.66 26
0.70 27
0.72 28
0.77 29
0.79 30
0.80 31
0.82 32
0.83 33
0.87 34
0.88 35
0.93 36
0.94 37
1.00 38
1.04 39
1.05 40
1.06 41
1.10 42
1.11 43
1.11 44
1.20 45
1.21 46
1.23 47
1.24 48
1.28 49
1.29 50
1.33 51
1.36 52
1.39 53
1.40 54
1.50 55
1.61 56
1.65 57
2.14 58
2.14 59
2.22 60
2.23 61
2.25 62
2.57 63
2.62 64
2.68 65
2.79 66
2.99 67
2.99 68
3.49 69
3.78 70
3.87 71
3.91 72
4.07 73
4.32 74
4.36 75
4.60 76
4.68 77
4.82 78
5.01 79
5.26 80
5.87 81
6.99 82
7.41 83
7.62 84
8.65 85
8.71 86
9.06 87
9.12 88
9.42 89
9.67 90
10.26 91
10.83 92
11.11 93
11.66 94
11.80 95
11.82 96
12.22 97
12.39 98
12.49 99
12.60 100
13.29 101
13.71 102
14.29 103
14.66 104
14.70 105
15.36 106
15.58 107
15.68 108
15.85 109
16.09 110
16.14 111
16.68 112
16.69 113
17.41 114
17.86 115
17.88 116
18.67 117
18.85 118
19.04 119
19.36 120
20.65 121
20.90 122
21.21 123
21.56 124
21.69 125
21.85 126
22.00 127
22.03 128
22.12 129
22.44 130
22.51 131
22.62 132
22.92 133
22.99 134
23.37 135
23.37 136
23.38 137
23.66 138
23.82 139
24.05 140
24.72 141
25.59 142
25.79 143
26.11 144
26.31 145
26.37 146
26.40 147
27.09 148
27.49 149
27.57 150
28.21 151
29.73 152
31.38 153
31.66 154
32.25 155
33.04 156
35.90 157
36.22 158
36.85 159
37.48 160
38.11 161
39.59 162
41.20 163
42.71 164
43.30 165
43.36 166
46.77 167
46.92 168
47.06 169
47.64 170
48.60 171
49.30 172
50.12 173
51.61 174
53.38 175
53.64 176
53.70 177
55.56 178
56.55 179
59.59 180
61.96 181
63.60 182
66.52 183
66.61 184
73.39 185
80.01 186
80.88 187
85.20 188
85.68 189
87.48 190
106.84 191
114.23 192
117.77 193
125.05 194
125.41 195
130.03 196
130.63 197
130.87 198
131.51 199
135.08 200
140.81 201
141.51 202
144.43 203
147.14 204
158.13 205
173.33 206
183.86 207
185.24 208
186.29 209
196.69 210
206.59 211
209.26 212
211.64 213
221.43 214
228.33 215
232.26 216
232.58 217
234.07 218
237.20 219
240.11 220
245.33 221
251.74 222
253.51 223
259.02 224
265.59 225
268.09 226
