0.01 1
0.03 2
0.03 3
0.03 4
0.03 5
0.03 6
0.03 7
0.04 8
0.05 9
0.07 10
0.16 11
0.17 12
0.17 13
0.21 14
0.26 15
0.29 16
0.30 17
0.36 18
0.48 19
0.62 20
0.66 21
0.69 22
0.69 23
0.80 24
0.84 25
0.87 26
0.91 27
0.92 28
0.95 29
0.96 30
0.96 31
0.99 32
1.03 33
1.06 34
1.06 35
1.06 36
1.10 37
1.12 38
1.12 39
1.14 40
1.19 41
1.22 42
1.30 43
1.33 44
1.33 45
1.41 46
1.44 47
1.53 48
1.53 49
1.60 50
1.60 51
1.62 52
1.66 53
1.71 54
1.77 55
1.82 56
2.34 57
2.57 58
2.58 59
2.60 60
2.64 61
2.66 62
2.84 63
3.32 64
4.21 65
4.27 66
4.37 67
4.74 68
4.81 69
5.31 70
5.71 71
5.79 72
6.03 73
6.08 74
6.54 75
6.55 76
6.74 77
7.12 78
7.80 79
7.89 80
8.06 81
8.50 82
9.04 83
9.37 84
9.62 85
10.16 86
11.43 87
11.53 88
12.33 89
12.61 90
13.10 91
13.52 92
13.70 93
13.82 94
13.82 95
13.83 96
14.52 97
15.60 98
17.31 99
17.46 100
17.56 101
17.88 102
17.93 103
18.05 104
18.57 105
19.61 106
19.69 107
19.69 108
19.74 109
20.31 110
20.51 111
20.78 112
20.80 113
20.88 114
21.91 115
22.18 116
22.49 117
23.04 118
23.24 119
23.48 120
23.79 121
23.88 122
24.01 123
25.00 124
25.01 125
25.42 126
25.58 127
25.77 128
25.86 129
26.04 130
26.14 131
26.53 132
26.60 133
27.08 134
27.20 135
27.33 136
27.34 137
27.42 138
28.15 139
28.79 140
28.90 141
29.64 142
30.89 143
31.34 144
31.39 145
31.64 146
32.46 147
32.97 148
33.46 149
33.63 150
33.67 151
33.80 152
34.35 153
34.83 154
35.16 155
35.42 156
36.93 157
37.00 158
37.26 159
37.62 160
37.72 161
40.92 162
41.02 163
41.33 164
42.22 165
42.50 166
44.32 167
45.46 168
45.88 169
46.26 170
46.86 171
47.49 172
49.74 173
49.95 174
50.05 175
50.10 176
51.24 177
51.25 178
51.27 179
54.40 180
56.00 181
57.69 182
58.13 183
59.63 184
65.33 185
69.19 186
70.09 187
72.61 188
73.67 189
85.85 190
89.27 191
96.16 192
109.89 193
111.08 194
116.67 195
128.25 196
133.19 197
134.94 198
135.86 199
137.67 200
148.28 201
148.59 202
149.20 203
149.66 204
156.60 205
161.05 206
163.07 207
170.63 208
172.33 209
173.24 210
189.37 211
196.80 212
198.85 213
199.10 214
200.36 215
202.06 216
204.04 217
205.65 218
210.06 219
225.37 220
234.49 221
236.83 222
238.89 223
241.46 224
246.79 225
254.67 226
254.87 227
256.20 228
262.35 229
263.66 230
264.13 231
276.25 232
278.50 233
308.33 234
