0.314 1
0.326 2
0.337 3
0.340 4
0.395 5
0.424 6
0.464 7
0.466 8
0.473 9
0.474 10
0.480 11
0.485 12
0.493 13
0.498 14
0.503 15
0.523 16
0.533 17
0.620 18
0.627 19
0.684 20
0.686 21
0.686 22
0.720 23
0.725 24
0.767 25
0.781 26
0.819 27
0.850 28
0.850 29
0.850 30
0.877 31
0.897 32
0.910 33
0.927 34
0.942 35
0.948 36
0.954 37
1.029 38
1.079 39
1.137 40
1.157 41
1.270 42
1.274 43
1.309 44
1.313 45
1.335 46
1.345 47
1.377 48
1.502 49
1.509 50
1.536 51
1.551 52
1.578 53
1.631 54
1.707 55
1.759 56
1.779 57
1.781 58
1.813 59
1.830 60
1.885 61
1.941 62
1.945 63
1.991 64
2.120 65
2.130 66
2.256 67
2.308 68
2.322 69
2.328 70
2.555 71
2.606 72
2.642 73
2.647 74
2.733 75
2.741 76
2.832 77
2.881 78
3.015 79
3.168 80
3.435 81
3.561 82
3.723 83
4.018 84
4.057 85
4.319 86
4.328 87
4.428 88
4.524 89
4.855 90
4.858 91
4.867 92
5.037 93
5.042 94
5.045 95
5.218 96
5.236 97
5.422 98
5.497 99
5.570 100
5.663 101
5.848 102
6.056 103
6.329 104
6.482 105
6.970 106
7.280 107
7.282 108
7.308 109
7.596 110
7.613 111
7.797 112
7.921 113
8.063 114
8.234 115
8.251 116
9.348 117
9.518 118
9.569 119
9.677 120
9.764 121
9.839 122
10.046 123
10.371 124
11.039 125
11.626 126
11.827 127
12.133 128
12.310 129
12.312 130
12.340 131
12.454 132
12.812 133
12.968 134
13.946 135
14.291 136
15.152 137
15.529 138
15.544 139
15.635 140
15.784 141
15.804 142
15.936 143
16.434 144
16.527 145
16.551 146
16.953 147
17.143 148
17.287 149
17.489 150
17.729 151
17.895 152
18.820 153
18.855 154
19.931 155
19.940 156
20.063 157
20.983 158
20.990 159
21.836 160
22.002 161
22.268 162
22.396 163
22.569 164
22.653 165
22.925 166
22.957 167
23.083 168
23.176 169
23.533 170
23.944 171
24.092 172
24.203 173
24.379 174
24.849 175
24.893 176
25.908 177
26.101 178
26.163 179
27.258 180
27.678 181
27.714 182
27.861 183
28.226 184
28.257 185
28.338 186
28.360 187
28.802 188
29.328 189
30.254 190
33.909 191
34.914 192
35.994 193
37.479 194
37.869 195
38.220 196
38.347 197
40.004 198
40.759 199
42.983 200
45.417 201
47.149 202
48.162 203
49.794 204
50.386 205
51.596 206
51.986 207
55.697 208
55.994 209
57.454 210
57.879 211
58.444 212
60.446 213
64.224 214
64.996 215
69.699 216
70.444 217
75.739 218
77.995 219
84.140 220
87.903 221
91.095 222
91.323 223
91.391 224
96.836 225
99.459 226
100.107 227
100.292 228
101.970 229
103.424 230
104.827 231
106.939 232
107.737 233
108.430 234
125.944 235
126.470 236
127.658 237
127.965 238
129.516 239
136.499 240
136.918 241
137.534 242
138.092 243
138.157 244
142.998 245
147.268 246
149.762 247
150.845 248
152.791 249
158.901 250
159.964 251
160.751 252
165.505 253
167.608 254
171.687 255
176.815 256
177.364 257
186.069 258
201.410 259
207.284 260
220.296 261
228.470 262
239.503 263
242.194 264
250.347 265
256.352 266
260.275 267
263.855 268
278.511 269
288.754 270
292.432 271
