1 38.1952
2 22.3628
3 28.7946
4 38.0829
5 0.115775
6 0.345348
7 47.6524
8 26.9503
9 1.93773
10 12.8041
11 32.6259
12 12.6299
13 16.5161
14 48.7339
15 0.251349
16 4.41144
17 44.0904
18 59.7802
19 9.94134
20 0.282838
21 0.249277
22 0.0128265
23 35.5532
24 44.9082
25 0.559569
26 0.0636443
27 1.85477
28 28.1179
29 0.827948
30 33.9696
31 27.0577
32 0.0162973
33 0.107811
34 1.72083
35 14.9216
36 36.5788
37 8.47887
38 10.2843
39 21.164
40 40.2261
41 40.2213
42 21.7334
43 6.39572
44 24.5914
45 1.53762
46 2.42203
47 1.75173
48 7.05356
49 63.7662
50 18.1982
51 38.48
52 1.87285
53 1.00862
54 1.09052
55 1.67377
56 0.217182
57 0.220094
58 49.2884
59 0.114537
60 1.08014
61 0.372061
62 0.74188
63 3.00374
64 37.7216
65 0.134121
66 1.21398
67 2.05503
68 0.808703
69 37.5663
70 0.864205
71 1.85938
72 13.6156
73 60.8297
74 3.66575
75 0.17284
76 0.0637113
77 43.0409
78 1.43648
79 3.64952
80 0.813762
81 1.77239
82 2.81428
83 60.0662
84 22.8928
85 8.2005
86 37.7071
87 18.5506
88 43.345
89 1.72223
90 45.7387
91 9.77238
92 0.733503
93 52.9568
94 1.07005
95 0.00900699
96 23.1945
97 63.3362
98 19.4648
99 38.7672
100 30.9523
101 0.0588458
102 9.8743
103 20.9199
104 2.07671
105 1.38164
106 0.019618
107 0.243134
108 0.909768
109 0.566725
110 0.100187
111 17.5518
112 1.43623
113 32.7286
114 11.8651
115 1.4844
116 0.60776
117 0.101456
118 12.0962
119 0.557236
120 42.7185
121 1.41313
122 0.000424342
123 1.63288
124 0.0601242
125 28.0786
126 0.215994
127 32.05
128 56.0218
129 0.0782447
130 40.8493
131 13.2997
132 17.8657
133 6.16574
134 34.4214
135 0.150457
136 0.00533388
137 20.5858
138 0.0537792
139 0.178472
140 1.98947
141 22.7447
142 32.3791
143 0.137274
144 8.09958
145 43.4698
146 0.0895144
147 0.812348
148 11.6714
149 14.3768
150 1.92117
151 1.47585
152 38.0806
153 18.7547
154 0.0147558
155 6.81941
156 2.50159
157 22.3789
159 76.5565
160 8.79662
161 37.1514
162 4.98032
163 1.31461
164 11.4183
165 0.261164
166 0.12453
167 22.8225
168 14.127
169 1.58397
170 6.65482
171 2.66491
172 0.182031
173 36.3331
174 0.0241891
175 31.4144
176 55.2277
177 0.120413
178 13.0662
179 1.72244
180 1.42468
181 14.8556
182 0.552509
183 28.5472
184 2.07571
185 0.980807
186 0.574544
187 16.1986
188 0.00228454
189 20.3379
190 54.0033
191 37.6487
192 6.33344
193 63.5604
194 16.5766
195 0.133522
196 0.680866
197 53.2487
198 25.4879
199 51.5656
200 2.81687
201 19.9936
202 25.8819
203 3.00752e-05
204 5.09868e-05
205 0.526143
206 5.23895
208 0.60045
209 11.618
210 0.0185946
211 9.54048
212 0.0615979
213 0.470611
214 38.4283
215 7.94615
216 5.52075
217 0.609792
218 8.28296
219 35.8439
220 9.42946
221 2.08317
222 63.0908
223 34.5591
224 3.97031
225 1.95364
226 34.8592
227 2.01315
228 66.3586
229 22.7817
230 2.21436
231 0.0660563
232 14.1556
233 1.70549
234 3.52983
235 39.911
236 0.00335526
237 31.7434
238 0.580877
239 34.9432
240 0.053611
241 11.0119
242 22.2423
243 10.6189
244 22.0439
245 2.87381
246 23.7847
247 70.8277
248 0.0646032
249 49.2716
250 28.6162
251 54.228
252 2.76035
253 10.8013
254 75.5095
255 42.0734
256 8.66768
257 15.1996
258 46.4119
259 32.8862
260 1.97639
261 0.303163
262 10.5727
263 0.363922
264 0.00739803
265 39.631
266 24.5569
267 0.0145288
268 48.0657
269 5.25909
270 14.9325
271 39.2824
272 14.3625
273 5.48569
274 0.202912
275 10.6832
276 45.3356
277 0.0340099
278 2.90878
279 16.3221
280 77.42
281 1.43087
282 0.693645
283 41.1938
284 0.187608
285 14.9355
286 0.0755415
287 0.485848
288 6.09178
289 26.0724
290 1.91604
291 0.292153
292 14.8825
293 8.52609
294 0.199353
295 2.69406
296 4.00188
297 22.8742
298 0.0184424
299 0.132502
300 11.5018
301 2.15409
302 0.224349
303 0.0530794
304 51.1614
305 50.8958
306 1.47957
307 2.87895
308 68.2404
309 0.121304
310 1.22274
311 43.6058
312 0.144329
313 0.408664
314 0.811594
315 0.13165
316 37.9164
317 20.9848
318 37.7311
319 0.156816
320 0.0930847
321 0.0832627
322 0.52041
323 3.41291
324 43.3364
325 0.259732
326 0.705789
327 1.14198
328 10.1878
329 35.8381
330 55.0697
331 48.3293
332 0.92662
333 0.000573517
334 29.7547
335 1.36016
336 0.019699
337 16.298
338 26.7205
339 1.41704
340 49.669
341 0.122327
342 0.0950164
343 6.07647
344 6.84031
345 18.4548
346 34.6199
347 23.7123
348 1.79101
349 0.581539
350 9.49225
351 0.701266
352 17.4676
353 0.851145
354 0.00195641
355 0.0692545
356 0.166803
357 36.9676
358 0.135852
359 41.6941
360 0.172124
361 54.9218
362 40.5382
363 69.9088
364 9.04011
365 29.8862
366 2.02292
367 46.98
368 0.543257
369 0.169935
370 0.0648096
371 50.2096
372 0.00746053
373 0.000498747
374 6.67694
375 0.000869256
376 48.2337
377 0.104108
378 0.0237455
379 0.221181
380 27.507
381 12.4887
382 0.169153
383 9.38031e-05
384 5.53719
385 17.056
386 41.5135
387 37.2149
388 0.341551
389 18.2423
390 52.7461
391 24.8199
392 35.8693
393 37.8538
394 22.4226
395 18.6137
396 11.2326
397 1.87713
398 1.92246
399 0.0320099
400 0.943472
