1 37.3702
2 28.8341
3 32.3272
4 36.424
5 0.115224
6 0.412366
7 47.0378
8 26.2366
9 1.81422
10 16.817
11 29.5223
12 11.37
13 20.8268
14 48.6379
15 0.267729
16 3.20255
17 38.766
18 63.0282
19 10.7496
20 0.232775
21 0.280504
22 0.02556
23 33.285
24 43.0665
25 0.561715
26 0.0570896
27 1.74548
28 27.5564
29 0.940466
30 33.0692
31 27.0533
32 0.0362689
33 0.118621
34 1.83788
35 14.8296
36 35.5134
37 8.62624
38 13.7932
39 20.1297
40 38.7043
41 38.9907
42 12.3899
43 8.89351
44 24.7053
45 1.80097
46 6.72263
47 3.89977
48 7.59974
49 68.2832
50 18.6408
51 37.4946
52 1.76453
53 1.00256
54 1.39938
55 1.15229
56 0.312802
57 0.492006
58 46.9645
59 0.115076
60 1.05606
61 0.347929
62 0.791823
63 2.68588
64 34.8288
65 0.130585
66 1.19895
67 1.79586
68 0.889222
69 34.7326
70 6.73475
71 1.62475
72 12.235
73 59.6531
74 3.75825
75 0.184645
76 0.177789
77 43.7917
78 1.98959
79 3.66079
80 1.03472
81 2.02436
82 2.51666
83 60.0332
84 23.6518
85 9.9686
86 36.7165
87 19.6333
88 42.2629
89 1.63284
90 48.7911
91 9.44314
92 0.775669
93 52.4923
94 1.30985
95 0.00714145
96 24.349
97 62.3816
98 19.6206
99 36.6744
100 28.1546
101 0.0648791
102 10.8155
103 26.4822
104 11.1991
105 1.33924
106 0.0187804
107 0.215098
108 0.984697
109 0.496099
110 0.101108
111 16.0645
112 1.70569
113 33.5761
114 14.6081
115 1.55309
116 0.604633
117 0.0962673
118 19.854
119 0.607858
120 41.9401
121 1.36179
122 0.000707131
123 1.19609
124 0.0640444
125 27.6211
126 0.187692
127 31.7747
128 56.093
129 0.16362
130 38.0798
131 14.3252
132 16.8483
133 6.12022
134 33.5298
135 0.255454
136 0.0050551
137 17.2105
138 0.0666102
139 0.197274
140 2.07491
141 21.5111
142 31.9402
143 0.257751
144 15.6586
145 43.4252
146 0.165866
147 0.23112
148 11.4481
149 14.0397
150 1.98259
151 1.96387
152 37.2178
153 18.098
154 0.0194901
155 6.90991
156 2.57979
157 21.8644
159 71.0563
160 8.907
161 36.2437
162 28.8718
163 1.09067
164 16.1911
165 0.260168
166 0.129433
167 22.5099
168 13.9725
169 1.97256
170 6.46037
171 2.89227
172 0.0819605
173 32.8581
174 0.0218026
175 24.5719
176 53.2365
177 0.120549
178 13.1107
179 1.93945
180 1.04868
181 13.6289
182 0.517338
183 27.2522
184 6.05267
185 1.07904
186 0.591358
187 20.9451
188 0.00251069
189 22.834
190 19.4329
191 41.5355
192 22.8588
193 52.7384
194 24.2455
195 0.142088
196 0.719873
197 52.432
198 25.156
199 50.6206
200 8.5007
201 20.2431
202 26.6456
203 7.97963e-05
204 4.15959e-05
205 0.495715
206 4.9789
208 0.603508
209 11.1322
210 0.024736
211 18.0851
212 0.123076
213 0.364832
214 37.4939
215 11.6672
216 5.11091
217 0.607848
218 8.32758
219 33.7147
220 10.3119
221 1.0278
222 55.3714
223 33.6526
224 3.84785
225 1.94798
226 34.0555
227 0.782722
228 62.8837
229 29.4825
230 2.3492
231 0.0711192
232 13.7334
233 1.78546
234 3.63483
235 38.6593
236 0.00248849
237 31.2018
238 2.90328
239 34.4209
240 0.0527607
241 9.83666
242 27.5425
243 18.5962
244 28.6528
245 3.83915
246 29.2039
247 75.9433
248 0.0637689
249 48.1275
250 28.4203
251 53.0681
252 2.55077
253 10.6344
254 77.7019
255 40.3372
256 13.5166
257 16.0602
258 43.4158
259 31.2315
260 2.84791
261 0.822734
262 12.4638
263 0.415025
264 0.00903454
265 43.1497
266 24.7408
267 0.0148873
268 47.878
269 4.58942
270 19.4153
271 38.0456
272 14.2189
273 5.76194
274 0.208739
275 10.5625
276 70.2678
277 0.0366702
278 2.91885
279 16.0398
280 78.4662
281 1.81372
282 0.761812
283 39.8042
284 0.178012
285 28.3735
286 0.123798
287 0.433431
288 6.16022
289 26.5584
290 1.83909
291 0.242119
292 17.7161
293 2.11675
294 0.301192
295 2.71678
296 4.11232
297 21.8686
298 0.0451168
299 0.141831
300 11.1277
301 2.11737
302 0.214369
303 0.167751
304 50.8794
305 49.4081
306 1.84579
307 8.50672
308 61.6832
309 0.212943
310 1.49091
311 39.946
312 0.142532
313 0.409761
314 0.857071
315 0.119099
316 37.0687
317 20.4617
318 36.8391
319 0.157163
320 0.0965666
321 0.0584794
322 0.586207
323 3.40811
324 41.6982
325 0.258609
326 0.579355
327 1.07736
328 13.766
329 37.8029
330 54.2113
331 48.2946
332 0.869579
333 0.000179966
334 28.668
335 1.35817
336 0.0191192
337 19.8454
338 26.4669
339 1.39345
340 48.9438
341 0.124079
342 0.54933
343 5.90574
344 6.57932
345 19.8184
346 33.6617
347 23.5676
348 2.15742
349 0.593886
350 10.3934
351 0.738764
352 18.8003
353 0.933945
354 0.000375
355 0.0616053
356 0.790336
357 36.0644
358 0.133838
359 40.1498
360 0.165856
361 58.7403
362 39.5613
363 75.0001
364 9.89163
365 29.8613
366 1.8655
367 47.8954
368 0.541654
369 0.2047
370 0.0583544
371 46.6945
372 0.00698026
373 0.000373514
374 5.53734
375 0.00155016
376 51.7066
377 0.105039
378 0.0249901
379 0.154697
380 27.1393
381 18.064
382 0.166655
383 1.44312e-05
384 13.2646
385 17.202
386 40.0543
387 33.5798
388 0.286294
389 17.6748
390 52.3138
391 22.5869
392 34.809
393 34.934
394 27.5284
395 25.9252
396 11.2917
397 1.92806
398 2.50662
399 0.030912
400 0.976285
