1 34.8564
2 72.7835
3 61.4242
5 0.115882
6 0.405316
7 44.8075
8 22.2101
9 5.03545
10 58.5303
11 29.2062
12 13.3892
13 55.5895
14 46.5242
15 0.137855
16 6.22107
17 42.8763
18 52.676
19 31.5699
20 2.44187
21 0.223974
22 0.187316
23 27.1995
24 38.2159
25 0.493211
26 0.637197
27 1.87376
28 22.0024
29 3.00032
30 28.3122
31 24.5286
32 0.0380263
33 0.119158
34 4.09641
35 18.7784
36 30.28
37 10.9123
38 41.8958
39 14.3115
40 32.7761
41 27.5526
42 27.7715
43 24.5621
44 38.9238
45 6.3683
46 1.93026
47 14.624
48 10.4999
49 86.0686
50 28.1475
51 33.6105
52 1.91721
53 1.05686
54 6.53787
55 2.57696
56 0.986671
57 0.186184
58 42.3875
59 0.108053
60 0.981118
61 0.270618
62 2.01176
63 2.95801
64 30.7374
65 0.122421
66 0.901645
67 4.82689
68 2.76651
69 31.4297
70 18.0333
71 6.94908
72 18.1865
73 57.8125
74 3.67855
75 3.5398
76 13.1141
77 39.4359
78 7.57603
79 4.03987
80 1.27858
81 7.09593
82 2.88666
83 56.4472
84 29.2154
85 19.2164
86 32.5345
87 23.4497
88 39.4967
89 1.51701
90 59.4862
91 10.2375
92 1.8068
93 50.417
94 6.93542
95 0.00832895
96 31.3115
97 59.3047
98 28.2198
99 32.2674
100 25.9561
101 0.3615
102 24.6819
103 67.9062
104 38.7408
105 1.92188
106 0.0181184
107 0.214987
108 2.54384
109 0.567447
110 0.102145
111 13.8163
112 1.73387
114 48.0102
115 1.62653
116 0.528421
117 0.882908
118 32.9623
119 1.15354
120 38.4993
121 2.61709
122 0.00452632
123 2.76791
124 10.0199
125 19.6549
126 0.184145
128 52.9069
129 9.01817
130 26.6361
131 29.6418
132 37.4646
133 11.2283
134 29.0353
135 0.259066
136 0.00601316
137 25.8625
138 0.156013
139 1.38351
140 1.97212
141 19.6821
142 27.4754
143 1.78042
144 31.3818
145 34.3785
146 0.202855
147 7.64391
148 13.2529
149 17.7709
150 8.17387
151 9.76832
152 32.5647
153 13.7772
154 0.338079
155 6.94713
156 2.97943
157 33.6748
159 43.7968
160 8.91694
161 31.4657
162 25.019
163 1.03293
164 30.7063
165 0.260408
166 0.262289
167 20.4415
168 15.4963
169 1.87408
170 10.6628
171 22.4454
172 4.6872
173 31.6398
174 0.0226316
175 41.0781
176 47.3207
177 0.122816
178 13.9268
179 5.33783
180 2.71361
181 11.8531
182 1.00214
183 21.4224
184 9.99086
185 3.83067
186 1.12334
187 55.5892
188 0.00590789
189 38.0017
190 62.2817
191 49.691
192 27.8485
193 40.5201
194 30.9946
195 0.109947
196 1.69043
197 47.9956
198 22.1772
199 46.551
200 19.1613
201 22.2223
202 92.3819
203 6.57895e-05
204 5.26316e-05
205 0.816487
206 5.43036
208 0.620105
209 12.2267
210 0.0378684
211 30.5933
212 1.76483
213 0.350224
214 31.7742
215 28.3888
216 5.22959
217 0.514053
218 7.81941
219 23.5221
220 11.3934
221 3.98297
222 42.9696
223 27.8452
224 4.62229
225 4.34697
226 27.6959
227 13.2351
228 44.8762
229 77.2708
230 2.1505
231 3.34233
232 15.4869
233 1.97307
234 6.90878
235 30.1718
236 0.00311842
237 26.9889
238 5.29646
239 22.8145
240 0.174553
241 10.9499
242 68.6347
243 31.3785
244 74.6345
245 3.43692
246 74.1588
247 91.1773
248 0.172987
249 43.297
250 35.2855
251 48.51
252 2.30664
253 23.9256
254 80.15
255 34.9701
256 22.7449
257 9.17018
258 35.3379
259 36.1249
260 4.31634
261 2.91926
262 33.7166
263 0.695434
264 0.00825
265 60.6003
266 22.0238
267 0.0187632
268 42.5719
269 11.0603
270 56.9478
271 33.3064
272 12.276
273 11.4736
274 2.18221
275 11.1964
276 82.9912
277 0.125329
278 2.64911
279 25.1223
280 82.5913
281 1.46516
282 0.557934
283 33.1628
284 0.187882
285 22.8056
286 0.187092
287 0.440382
288 9.73662
289 33.1983
290 1.62421
291 2.63059
292 26.1376
293 8.21395
294 0.322066
295 2.39359
296 14.1837
297 20.4176
298 0.0207105
299 0.140816
300 7.8248
301 5.58646
302 0.882842
303 9.47626
304 48.3946
305 44.3164
306 6.01805
307 21.5013
308 62.1838
309 0.273382
310 7.34258
312 0.144276
313 0.358382
314 1.97872
315 0.0865789
316 30.7726
317 33.2945
318 31.9801
319 0.168829
320 0.0930921
321 0.20425
322 1.23604
323 3.46405
324 35.4834
325 0.262224
326 0.369776
327 1.45238
328 35.1459
329 30.2657
330 49.4457
331 45.5223
332 6.60229
333 0.000736842
334 22.8031
335 1.40688
336 0.0477632
337 53.6723
338 25.2264
339 2.28859
340 45.8062
341 0.122592
342 25.3375
343 20.2111
344 9.72038
345 29.1602
346 29.2643
347 22.9679
348 2.97496
349 0.450961
350 26.7138
351 0.917039
352 11.8061
353 2.42943
354 0.00293421
355 1.23389
356 6.29997
357 30.0903
358 0.121355
359 26.6514
360 0.172355
361 65.2639
362 23.3539
363 76.1885
364 25.1483
365 29.2985
366 2.19251
367 43.3694
368 0.554592
369 0.171592
370 0.122368
371 38.7072
372 0.00776316
373 0.000539474
374 9.59421
375 0.00815789
376 57.92
377 0.108237
378 0.0358421
379 1.03909
380 33.8688
381 55.4711
382 0.189118
383 0.000184211
384 18.7719
385 23.1745
386 32.5932
387 31.1256
388 0.157803
389 23.4392
390 47.9859
391 16.7677
392 31.0999
393 30.5761
394 74.1725
395 31.3395
396 28.0595
397 6.76403
398 5.57376
399 0.0333289
400 4.03579
