1 35.7176
2 43.8758
3 38.7187
4 35.2339
5 0.115586
6 0.394674
7 45.7802
8 24.113
9 1.45952
10 33.7436
11 27.972
12 11.2494
13 34.5286
14 46.1954
15 0.15672
16 3.85441
17 35.2048
18 72.5694
19 18.4927
20 0.472339
21 0.18827
22 0.126562
23 29.5022
24 39.5872
25 0.466224
26 0.160447
27 1.81114
28 26.8986
29 1.32297
30 30.1196
31 24.5355
32 0.0424342
33 0.117263
34 3.75513
35 15.3681
36 31.0508
37 9.96092
38 22.2426
39 16.4969
40 35.6726
41 28.5764
42 24.2519
43 1.5527
44 25.7781
45 2.99358
46 7.45518
47 6.1244
48 7.62858
49 73.6286
50 22.1095
51 34.9638
52 1.53694
53 1.02983
54 3.03695
55 1.45813
56 0.125658
57 0.229717
58 41.0153
59 0.112224
60 1.01749
61 0.265178
62 0.99101
63 2.46505
64 31.3709
65 0.111447
66 0.995993
67 1.97642
68 1.38464
69 31.4702
70 5.6018
71 1.57248
72 12.4479
73 58.3044
74 3.64121
75 0.700974
76 0.202368
77 40.6583
78 3.60713
79 2.9987
80 1.00061
81 4.91414
82 2.15173
83 56.4119
84 25.9762
85 16.7248
86 34.1035
87 21.9164
88 39.8717
89 1.67323
90 51.7157
91 9.08336
92 1.03932
93 50.0764
94 2.88206
95 0.00782895
96 28.642
97 59.1942
98 20.5453
99 34.248
100 25.3886
101 0.0697237
102 16.0655
103 40.1536
104 1.07688
105 1.28287
106 0.0275789
107 0.208484
108 1.21247
109 0.579
110 0.101204
111 11.6077
112 1.45185
113 35.4062
114 26.49
115 1.28258
116 0.494536
117 0.263905
118 34.814
119 0.669454
120 39.4092
121 1.49893
122 0.00216118
123 2.26075
124 0.180487
125 23.7074
126 0.201388
127 33.8654
128 53.4009
129 0.808421
130 29.6871
131 19.7225
132 28.2931
133 7.03555
134 31.0887
135 0.315391
136 0.00586842
137 24.9957
138 0.0541283
139 0.211076
140 1.77912
141 19.4695
142 30.0579
143 0.808635
144 32.1324
145 38.9428
146 0.518036
147 4.68621
148 11.5455
149 14.4186
150 1.76377
151 3.47228
152 34.6078
153 3.9835
154 0.0888618
155 6.98974
156 2.29174
157 22.961
159 55.82
160 8.49179
161 33.6557
162 26.6961
163 1.02868
164 33.4838
165 0.259197
166 0.180763
167 20.5364
168 13.6549
169 1.49962
170 7.63429
171 7.1877
172 0.184132
173 31.1666
174 0.016477
175 37.6473
176 50.2289
177 0.123299
178 12.3117
179 2.53938
180 1.4434
181 12.2435
182 0.63302
183 26.8665
184 7.81462
185 1.55534
186 0.700711
187 33.0376
188 0.0035
189 28.9631
190 60.3509
191 48.5592
192 10.704
193 47.3796
194 34.1254
195 0.114799
196 0.89525
197 49.8345
198 24.2034
199 48.2487
200 6.97755
201 21.329
202 19.405
203 0.000180921
204 0.000302632
205 0.547862
206 4.47523
208 0.658303
209 10.5635
210 0.0316349
211 34.0148
212 0.289678
213 0.131372
214 34.5695
215 28.5595
216 4.27732
217 0.564543
218 7.97108
219 27.4198
220 9.67711
221 1.48173
222 50.3944
223 30.9935
224 3.15343
225 1.50865
226 30.8861
227 10.6849
228 52.9051
229 44.2697
230 1.89173
231 0.159145
232 15.3596
233 1.36356
234 4.9531
235 34.5118
236 0.00298355
237 28.8717
238 3.16154
239 28.1634
240 0.0525559
241 9.15641
242 41.6312
243 34.4502
244 44.2483
245 3.09855
246 44.0527
247 79.0278
248 0.159852
249 45.9908
250 32.0859
251 50.8078
252 2.35402
253 15.8321
254 79.9503
255 37.6665
256 20.432
257 12.7264
258 43.7208
259 30.0772
260 3.02265
261 0.417944
262 31.0189
263 0.452309
264 0.00782566
265 52.6133
266 23.6936
267 0.0149375
268 45.9952
269 7.11117
270 32.278
271 36.2581
272 12.9645
273 6.21825
274 0.320928
275 10.1246
276 78.9082
277 0.0167993
278 2.34412
279 16.8312
280 83.9573
281 1.72521
282 0.596905
283 36.5939
284 0.178355
285 25.9131
286 0.579921
287 0.391434
288 7.18552
289 28.3106
290 1.59394
291 0.304211
292 26.4648
293 6.13904
294 0.349454
295 2.29442
296 11.3407
297 20.0848
298 0.0105099
299 0.135388
300 9.51219
301 2.49163
302 0.209957
303 0.162007
304 49.964
305 47.1136
306 2.51399
307 11.1194
308 63.0365
309 0.205743
310 3.30503
311 33.1066
312 0.143543
313 0.385194
314 0.985928
315 0.102533
316 34.0136
317 21.9262
318 34.8259
319 0.154684
320 0.0901941
321 0.18798
322 0.677928
323 3.41532
324 38.268
325 0.261691
326 8.13591
327 1.00866
328 38.1282
329 33.684
330 51.4319
331 46.9235
332 7.69826
333 0.000983553
334 25.5948
335 1.5829
336 0.0297664
337 33.164
338 24.6734
339 1.45562
340 47.4011
341 0.122385
342 4.73636
343 9.09432
344 7.24763
345 23.0976
346 31.6182
347 24.5995
348 2.17056
349 0.474789
350 17.6793
351 0.696099
352 15.8434
353 1.45422
354 0.00307566
355 0.53153
356 3.12932
357 33.401
358 0.127316
359 31.1822
360 0.167365
361 66.6103
362 30.778
363 81.8525
364 15.7592
365 26.2314
366 2.41752
367 45.7621
368 0.552204
369 0.170171
370 0.029102
371 43.0943
372 0.00823026
373 0.000483553
374 6.47845
375 0.00467434
376 56.0526
377 0.104941
378 0.0270033
379 0.265878
380 29.606
381 29.6511
382 0.16427
383 0.000108553
384 19.4407
385 18.1508
386 36.3821
387 35.0107
388 0.181878
389 19.3777
390 50.7654
391 19.1051
392 32.7328
393 33.6274
394 41.0337
395 35.0091
396 18.4553
397 1.71733
398 1.51483
399 0.0330954
400 1.41444
