0.657948
0.740741
0.757962
0.866587
0.909714
0.91411
0.929487
0.937908
0.950168
0.953036
0.95624
0.961631
0.977077
0.982224
0.984043
0.984305
0.984601
0.985663
0.992058
0.992348
0.997781
1
1
1.00091
1.00134
1.00197
1.00305
1.00394
1.00429
1.00717
1.00744
1.00763
1.0083
1.00846
1.011
1.01214
1.01326
1.01458
1.01553
1.01602
1.01621
1.01904
1.02051
1.02156
1.02199
1.0242
1.02531
1.02776
1.03182
1.03415
1.03802
1.0399
1.04511
1.04995
1.05216
1.05689
1.05698
1.0654
1.08646
1.10873
1.12709
1.15768
1.18376
1.25378
1.25432
1.2648
1.27157
1.33493
1.40956
1.77863
2.01535
