0.624914
0.626008
0.633006
0.634113
0.658629
0.704152
0.705667
0.708945
0.709224
0.714846
0.72213
0.727646
0.743358
0.746882
0.760263
0.773294
0.794146
0.796792
0.797573
0.799492
0.807426
0.811137
0.876805
0.902123
1.02109
1.24353
1.26632
1.27663
1.27729
1.33615
1.33859
1.35003
1.35448
1.36835
1.37756
1.39253
1.39589
1.40333
1.40878
1.41198
1.41949
1.42011
1.42518
1.42553
1.43168
1.43955
1.44795
1.45669
1.46087
1.46261
1.46483
1.46519
1.46655
1.46884
1.46955
1.47214
1.4723
1.474
1.47758
1.48709
1.48772
1.4951
1.49543
1.50056
1.50569
1.50617
1.50684
1.50925
1.52507
1.52628
1.5298
1.54441
1.5499
1.55456
1.55552
1.56283
1.56391
1.57127
1.5786
1.57962
1.58104
1.58452
1.5924
1.61064
1.62828
1.62934
1.6353
1.64254
1.64404
1.6442
1.65563
1.65625
1.65822
1.66158
1.6711
1.67849
1.68187
1.68432
1.68575
1.68834
1.69095
1.6935
1.69538
1.6979
1.70535
1.71385
1.72087
1.72119
1.72397
1.73247
1.73918
1.74127
1.747
1.74879
1.75042
1.7535
1.75782
1.77947
1.77996
1.81519
1.81755
1.81964
1.83795
1.85814
1.85929
1.86271
1.86322
1.86861
1.87298
1.87553
1.88693
1.90837
1.91924
1.92059
1.94355
1.94555
1.94749
1.9512
1.9579
1.95957
1.97167
1.97651
1.99022
1.99429
2.04714
2.06892
2.07064
2.07216
2.08101
2.09344
2.14482
2.18148
2.19606
2.22611
2.35576
2.39239
2.44096
2.44302
2.47749
2.56912
2.59336
2.67659
2.79668
2.8615
2.90679
2.96233
3.12936
3.24714
3.40302
3.77639
3.83183
3.93582
4.0977
4.10671
4.14954
4.15448
4.22817
4.24227
4.26425
4.29381
4.38403
4.522
4.61866
