0.628
0.628868
0.629593
0.631926
0.65909
0.692807
0.69337
0.706269
0.706712
0.708994
0.709052
0.712027
0.72871
0.740429
0.743935
0.76415
0.774672
0.791894
0.798878
0.804282
0.806148
0.81356
0.815984
0.868185
0.913041
0.989034
1.17948
1.27881
1.28159
1.30414
1.34705
1.34841
1.37324
1.37436
1.37528
1.37646
1.37808
1.38415
1.38986
1.39305
1.40395
1.40824
1.41165
1.41685
1.43426
1.4405
1.44119
1.44211
1.44492
1.44609
1.44783
1.44982
1.45248
1.45282
1.45558
1.45674
1.45777
1.45851
1.46277
1.46684
1.46725
1.46896
1.46929
1.47011
1.47069
1.47322
1.47828
1.4788
1.48204
1.48329
1.48484
1.49094
1.49382
1.49481
1.49942
1.50589
1.50693
1.51097
1.51929
1.52268
1.52512
1.54171
1.54397
1.54831
1.55328
1.55685
1.57778
1.57933
1.58537
1.59965
1.60254
1.60272
1.60654
1.61593
1.62585
1.62839
1.62978
1.6373
1.638
1.64263
1.64419
1.64655
1.64697
1.65039
1.65207
1.6532
1.65537
1.66228
1.671
1.67141
1.677
1.68455
1.6862
1.69936
1.70741
1.72727
1.73397
1.74148
1.75315
1.75782
1.76232
1.7659
1.76679
1.79031
1.80464
1.80668
1.80973
1.83985
1.84285
1.85783
1.86112
1.86162
1.86433
1.87105
1.88158
1.88266
1.89024
1.8907
1.90639
1.91675
1.91741
1.92598
1.93216
1.9431
1.94452
1.95677
1.96899
1.99363
2.00377
2.01584
2.0183
2.03944
2.04879
2.06655
2.1096
2.12414
2.12906
2.20224
2.28466
2.35277
2.4043
2.42865
2.53714
2.55406
2.58836
2.79698
3.07364
3.29389
3.38054
3.45143
3.57725
3.58456
3.58575
3.6179
3.72812
3.78277
3.97797
3.99224
4.07175
4.1072
4.11572
4.12514
4.29376
