0.621403
0.6256
0.636399
0.640193
0.651791
0.70033
0.701283
0.703101
0.711309
0.714231
0.728063
0.742806
0.750127
0.752287
0.762903
0.768682
0.7934
0.798273
0.801992
0.805498
0.80851
0.80852
0.904234
0.913036
1.02367
1.06017
1.11812
1.1764
1.21735
1.22976
1.28331
1.29198
1.3014
1.3053
1.3099
1.3345
1.34179
1.34604
1.34957
1.35893
1.36239
1.36316
1.36455
1.36716
1.3702
1.37445
1.37672
1.37972
1.38419
1.38683
1.39567
1.39687
1.4139
1.41958
1.42214
1.4291
1.43214
1.44349
1.44695
1.44987
1.45281
1.45857
1.4671
1.46734
1.46947
1.47382
1.47781
1.48129
1.48336
1.48427
1.49048
1.49089
1.49098
1.49099
1.49327
1.49786
1.5006
1.51026
1.51371
1.51803
1.52174
1.52685
1.52861
1.53675
1.53863
1.53873
1.53945
1.54535
1.55326
1.55427
1.56706
1.5806
1.58401
1.58615
1.58761
1.59983
1.60468
1.60567
1.60573
1.60969
1.6125
1.61573
1.61861
1.61891
1.62093
1.62861
1.62881
1.62951
1.6507
1.66035
1.66546
1.66694
1.67243
1.68044
1.68429
1.6857
1.70509
1.70675
1.70747
1.70873
1.72732
1.7397
1.74511
1.74635
1.74843
1.75216
1.77449
1.78128
1.78741
1.7902
1.7977
1.80738
1.81098
1.81181
1.83587
1.84299
1.84822
1.85078
1.85437
1.86318
1.86343
1.9103
1.92537
1.95515
1.96599
1.97024
1.9771
2.02111
2.03073
2.04321
2.07396
2.08403
2.15786
2.18214
2.22538
2.22778
2.2361
2.29389
2.3042
2.30628
2.4246
2.60254
2.62435
2.67067
2.68931
2.69808
2.79387
2.82845
2.83067
2.83361
2.92327
3.15227
4.06992
4.2615
4.29115
4.29313
4.31973
4.35097
4.46261
4.50007
4.70822
4.88941
4.90357
5.02196
5.19204
5.27226
5.88457
