0.621133
0.632734
0.661107
0.701941
0.7055
0.706113
0.707818
0.717355
0.717928
0.739255
0.748583
0.760293
0.771005
0.785403
0.790921
0.796561
0.800014
0.807424
0.80965
0.811097
0.901527
0.920402
0.991597
1.01699
1.10538
1.15237
1.21127
1.21313
1.29796
1.34589
1.34728
1.35043
1.36029
1.36097
1.36333
1.36827
1.36875
1.37433
1.37466
1.38443
1.39149
1.39435
1.40198
1.40266
1.40309
1.40957
1.41296
1.41305
1.41372
1.42291
1.42608
1.42732
1.42802
1.4289
1.43234
1.43902
1.44045
1.4408
1.44575
1.44691
1.45584
1.45707
1.46161
1.46565
1.467
1.46732
1.4677
1.46812
1.46962
1.47638
1.47826
1.47918
1.48102
1.48312
1.48396
1.49066
1.50746
1.5078
1.50847
1.50939
1.51442
1.52169
1.52468
1.53085
1.53223
1.53319
1.54568
1.55806
1.55844
1.56939
1.57054
1.5757
1.57656
1.57676
1.60174
1.60231
1.60326
1.60883
1.61572
1.61605
1.6204
1.62244
1.62877
1.65172
1.653
1.65607
1.66245
1.66572
1.6697
1.6697
1.67491
1.67548
1.6771
1.68047
1.68901
1.69336
1.6935
1.69444
1.69466
1.69487
1.69799
1.70381
1.73391
1.7451
1.7468
1.74691
1.74772
1.7488
1.75115
1.7612
1.76562
1.76806
1.77745
1.78683
1.79193
1.81918
1.90392
1.93812
1.96774
1.97201
1.97491
1.97778
2.00071
2.00239
2.01277
2.03077
2.06402
2.06931
2.09362
2.20677
2.32114
2.32642
2.33857
2.36477
2.4188
2.47955
2.50746
2.52203
2.64447
2.65188
2.65886
2.77177
3.14286
3.29887
3.38579
3.39305
3.46303
3.48098
3.51581
3.69508
3.70018
3.71455
3.73574
3.81159
5.55687
5.55893
5.64948
5.90876
6.19386
6.20651
6.63834
6.64323
6.79971
6.91736
7.06942
7.09729
7.46154
7.58113
7.70139
