0.642713
0.751729
0.909466
0.938605
0.952729
0.955931
0.963023
0.966563
0.97941
0.979891
0.986192
0.989161
0.991042
0.99522
0.998203
1.00107
1.00318
1.00479
1.00708
1.0077
1.00798
1.00948
1.01039
1.01426
1.01463
1.01534
1.01658
1.01832
1.01933
1.01935
1.01946
1.02158
1.02735
1.02852
1.0293
1.03135
1.03325
1.03558
1.0402
1.04075
1.04236
1.04507
1.04535
1.04587
1.0472
1.04722
1.04947
1.05297
1.05391
1.06078
1.0689
1.08371
1.08476
1.08546
1.11275
1.11405
1.11669
1.12175
1.12436
1.13393
1.13821
1.14661
1.14708
1.14887
1.29007
1.4196
