0.0789662
0.135
0.155799
0.208883
0.246139
0.278223
0.281275
0.351845
0.38753
0.463224
0.503108
0.767235
0.775395
0.786116
0.815636
0.84028
0.844695
0.87005
0.896206
0.90627
0.918846
0.919814
0.932096
0.959288
0.960277
0.978037
0.979276
0.984766
0.99218
0.999015
1.00024
1.02991
1.04147
1.0468
1.04689
1.05193
1.0534
1.05371
1.07529
1.08064
1.08666
1.08726
1.09189
1.09268
1.10008
1.10591
1.10712
1.10908
1.1107
1.12126
1.12418
1.12821
1.13278
1.14085
1.14278
1.15032
1.15479
1.15535
1.16551
1.16714
1.1694
1.17193
1.17525
1.18111
1.18195
1.18318
1.18629
1.18714
1.18776
1.19251
1.20578
1.21688
1.22159
1.22256
1.23183
1.23358
1.23941
1.24187
1.24473
1.24495
1.24602
1.24801
1.24954
1.25258
1.25321
1.25647
1.26351
1.26766
1.26897
1.27063
1.27327
1.27504
1.27957
1.28101
1.28159
1.28528
1.29158
1.29278
1.30459
1.30732
1.30938
1.31163
1.31276
1.31789
1.33023
1.33146
1.3323
1.33286
1.33527
1.34138
1.34357
1.34843
1.3549
1.35606
1.35851
1.35854
1.3627
1.36417
1.36743
1.375
1.37988
1.3825
1.38317
1.38717
1.39005
1.39023
1.39562
1.39569
1.3975
1.39795
1.40074
1.40688
1.407
1.40986
1.41219
1.4192
1.42404
1.44028
1.4405
1.44062
1.44083
1.44925
1.45044
1.45134
1.45247
1.45276
1.45505
1.45621
1.45898
1.46169
1.46488
1.46494
1.46842
1.48147
1.48446
1.48544
1.48903
1.49686
1.49775
1.49815
1.50255
1.50472
1.50609
1.50943
1.51291
1.51309
1.51335
1.51512
1.516
1.51819
1.52555
1.52898
1.52936
1.54
1.54878
1.55112
1.55556
1.59062
1.59826
1.59904
1.60182
1.60515
1.60583
1.61279
1.61571
1.61831
1.62193
1.63873
1.64751
1.65157
1.65546
1.66197
1.68814
1.69032
1.71823
1.72794
1.73735
1.73856
1.74752
1.76077
1.78569
1.78755
1.7884
1.80113
1.8057
1.81289
1.81455
1.81491
1.82679
1.83154
1.86028
1.86149
1.87748
1.87962
1.88338
1.88492
1.90871
1.91561
1.93461
1.93895
1.94639
1.98104
1.9918
2.01648
2.05876
2.06208
2.07212
2.10994
2.14364
2.17289
2.18699
2.23034
2.29532
2.44325
2.52933
2.60119
2.62428
2.83963
3.26119
3.97888
4.60336
4.6631
6.24472
6.28494
6.49403
6.67161
8.1724
9.47379
9.50642
9.55916
14.0943
17.2796
54.6272
64.8756
