0.259184
0.281927
0.340122
0.426504
0.467175
0.519245
0.521176
0.572362
0.578086
0.581083
0.590636
0.611351
0.611517
0.626437
0.639298
0.661947
0.671605
0.707106
0.726945
0.778987
0.81185
0.831935
0.865804
0.866981
0.872348
0.879581
0.89024
0.896939
0.897559
0.898237
0.902514
0.910189
0.913555
0.915653
0.92177
0.925037
0.927756
0.935354
0.937098
0.941451
0.945148
0.949163
0.952874
0.956522
0.958735
0.959036
0.965146
0.966252
0.967286
0.967814
0.972008
0.976474
0.982582
0.984674
0.98563
0.989983
0.990655
0.992949
0.9976
0.999652
1.00033
1.00236
1.005
1.0073
1.00795
1.00887
1.009
1.00919
1.00932
1.01023
1.01304
1.01317
1.0141
1.01926
1.01999
1.02025
1.02151
1.02151
1.02214
1.02255
1.02337
1.02349
1.02404
1.02738
1.02768
1.02921
1.02941
1.03141
1.03284
1.03369
1.0348
1.04145
1.04234
1.04272
1.04303
1.04486
1.04503
1.04524
1.04564
1.04608
1.048
1.04856
1.05004
1.0505
1.05119
1.0521
1.05244
1.0525
1.05318
1.05423
1.05427
1.05502
1.05556
1.05802
1.05882
1.05916
1.06122
1.06261
1.06352
1.0648
1.06504
1.06507
1.06591
1.06886
1.0689
1.07092
1.07327
1.07335
1.07358
1.07468
1.07536
1.07561
1.07692
1.07775
1.07841
1.07884
1.08023
1.08099
1.08159
1.0843
1.08481
1.08505
1.08539
1.08541
1.08634
1.0905
1.09106
1.09202
1.09228
1.09302
1.09479
1.0968
1.09814
1.09906
1.10096
1.10309
1.10353
1.10383
1.10432
1.10433
1.10634
1.1077
1.10789
1.11006
1.11036
1.11066
1.11127
1.11564
1.11636
1.11869
1.12021
1.12141
1.12231
1.12322
1.12652
1.13379
1.13527
1.13558
1.14177
1.14181
1.14228
1.14341
1.14377
1.14433
1.14464
1.14537
1.14607
1.14742
1.15079
1.15415
1.15873
1.16147
1.16261
1.16375
1.16777
1.1735
1.17496
1.18225
1.18232
1.18261
1.18263
1.19008
1.19067
1.19539
1.20612
1.2296
1.23029
1.25511
1.25971
1.27031
1.27495
1.27553
1.27746
1.27877
1.28687
1.30486
1.31548
1.3224
1.35352
1.39342
1.3945
1.39462
1.42583
1.46911
1.47141
1.48352
1.48663
1.50478
1.62102
1.63713
1.70469
1.74165
1.76131
1.81384
2.01632
2.12422
2.18899
2.81792
2.88244
3.16344
3.18117
3.44513
3.58567
3.64443
3.92845
4.20597
4.6241
4.80014
6.45381
7.01531
10.8177
45.3759
