0.090722
0.118629
0.233555
0.242273
0.279809
0.289361
0.298883
0.313283
0.418766
0.473115
0.48076
0.491001
0.509494
0.581567
0.639502
0.692662
0.699434
0.742103
0.74598
0.754122
0.821908
0.832479
0.853346
0.862562
0.872212
0.888258
0.888398
0.890855
0.892751
0.901375
0.916217
0.917219
0.943092
0.947565
0.949853
0.953072
0.954726
0.95651
0.956591
0.956986
0.959444
0.961538
0.968577
0.969768
0.972045
0.972371
0.972744
0.975946
0.976853
0.978338
0.978938
0.980216
0.98216
0.982417
0.983144
0.986983
0.989161
0.991862
0.992594
0.992655
0.992965
0.997436
0.999171
1
1.00057
1.00102
1.00263
1.0032
1.00416
1.00813
1.00967
1.01052
1.01067
1.01208
1.01351
1.01455
1.01508
1.01606
1.0186
1.01972
1.01979
1.02097
1.02273
1.02299
1.02344
1.02353
1.02527
1.02564
1.02718
1.02734
1.02739
1.02828
1.03082
1.03144
1.03402
1.03411
1.03423
1.03433
1.03447
1.03672
1.03952
1.03969
1.04261
1.04262
1.04423
1.04457
1.04538
1.04571
1.04659
1.0501
1.05051
1.05294
1.05473
1.05536
1.05591
1.06169
1.06179
1.06185
1.0625
1.06351
1.06667
1.06936
1.06944
1.06982
1.07051
1.07269
1.07293
1.07303
1.07379
1.07481
1.07488
1.07967
1.08425
1.08475
1.08652
1.08654
1.08968
1.09017
1.09091
1.09102
1.09229
1.09324
1.09326
1.09353
1.09661
1.10036
1.10252
1.10254
1.1027
1.10626
1.10778
1.1081
1.10843
1.10883
1.1105
1.11456
1.11642
1.11678
1.11845
1.11885
1.11892
1.11913
1.11963
1.12147
1.12159
1.12171
1.12371
1.12392
1.12712
1.12817
1.13197
1.13313
1.13359
1.13374
1.13384
1.13407
1.13412
1.13462
1.13503
1.13688
1.13689
1.13832
1.14081
1.14404
1.14747
1.14861
1.14943
1.15043
1.15109
1.15209
1.15239
1.15577
1.15602
1.16209
1.1626
1.16474
1.16518
1.16785
1.16903
1.16921
1.1702
1.17273
1.17402
1.17945
1.18086
1.18089
1.1836
1.1839
1.18521
1.1873
1.18786
1.189
1.18956
1.19024
1.19065
1.19377
1.19852
1.19939
1.19981
1.2015
1.20458
1.20515
1.2058
1.2069
1.20802
1.20806
1.21006
1.21159
1.21202
1.21278
1.21358
1.2156
1.21713
1.21951
1.22119
1.22334
1.2327
1.23529
1.23939
1.24293
1.25036
1.26133
1.26526
1.30223
1.30876
1.30883
1.31123
1.31185
1.35795
1.3631
1.36321
1.4227
1.44216
1.49778
1.52192
1.54937
1.57468
1.83241
1.91696
2.05392
2.19208
2.21796
2.27508
2.32454
2.5344
2.79819
3.32489
5.34954
5.88277
6.45095
10.4806
