0.11166
0.164418
0.253142
0.302242
0.466127
0.494093
0.636739
0.654731
0.751303
0.761905
0.788777
0.803008
0.825779
0.851064
0.852314
0.862718
0.868626
0.870203
0.870857
0.875192
0.888005
0.902876
0.915416
0.923971
0.925614
0.925887
0.931641
0.934229
0.946708
0.950033
0.953485
0.973346
0.986379
0.988249
0.997971
1.01637
1.02397
1.03298
1.03445
1.03527
1.06057
1.06663
1.06818
1.0776
1.08043
1.08627
1.08878
1.09107
1.09256
1.10116
1.11108
1.11561
1.11702
1.12009
1.12677
1.13022
1.13108
1.13464
1.14146
1.14329
1.14897
1.14961
1.15041
1.15566
1.16331
1.17202
1.17916
1.18381
1.1849
1.18702
1.18804
1.18864
1.19078
1.19539
1.19647
1.19753
1.19819
1.20238
1.20575
1.20697
1.20715
1.21014
1.21037
1.21098
1.21412
1.21491
1.21516
1.21694
1.22795
1.22923
1.23037
1.24048
1.24095
1.24216
1.24646
1.24902
1.25342
1.25389
1.25625
1.26035
1.26135
1.26311
1.26604
1.27253
1.27825
1.28003
1.28056
1.285
1.28579
1.29874
1.31191
1.31441
1.32142
1.32264
1.32331
1.32579
1.32782
1.33061
1.33301
1.33536
1.3361
1.33765
1.34093
1.35148
1.35149
1.35359
1.35506
1.35678
1.35752
1.35823
1.35955
1.35965
1.36676
1.36743
1.37092
1.37363
1.37376
1.374
1.37598
1.37746
1.37861
1.38132
1.38355
1.38581
1.39196
1.39527
1.40275
1.40468
1.40925
1.41089
1.41436
1.41475
1.41587
1.41741
1.42374
1.42577
1.42763
1.42965
1.43021
1.43246
1.43313
1.43396
1.44194
1.4496
1.45749
1.45888
1.46705
1.46949
1.47139
1.47753
1.47805
1.48053
1.48497
1.48533
1.48932
1.49043
1.4971
1.5023
1.50962
1.5099
1.51335
1.52116
1.53084
1.53182
1.53353
1.54314
1.55016
1.55109
1.55905
1.56522
1.57225
1.57704
1.59831
1.60377
1.60954
1.63246
1.65566
1.657
1.66045
1.66166
1.66284
1.66362
1.66994
1.67772
1.67821
1.68008
1.68022
1.69373
1.69534
1.6978
1.72173
1.72374
1.73323
1.77441
1.77453
1.79042
1.79545
1.80115
1.80586
1.81223
1.81292
1.81588
1.83162
1.86376
1.88235
1.88809
1.89453
1.91515
1.91566
1.91743
1.97209
1.97695
1.98028
1.98535
1.99142
2.00383
2.00601
2.02311
2.02439
2.03202
2.05202
2.05753
2.09828
2.10004
2.10838
2.1246
2.13287
2.13517
2.16798
2.17629
2.18433
2.23761
2.27317
2.44281
2.46503
2.47461
2.71542
3.06667
3.08149
3.17907
3.24127
3.50155
3.9718
4.34889
4.65789
5.06587
7.3945
15.1443
