0.254812
0.385296
0.393324
0.62682
0.737116
0.842835
0.848841
0.878559
0.896063
0.897746
0.928936
0.930066
0.938523
0.944203
0.945804
0.945831
0.986029
0.98831
0.991521
1.0027
1.03041
1.03945
1.05163
1.05763
1.0598
1.06463
1.07121
1.0784
1.08401
1.08865
1.0937
1.09758
1.09766
1.10118
1.10968
1.11609
1.12381
1.1259
1.13054
1.1319
1.13338
1.145
1.14572
1.15161
1.15195
1.15484
1.15995
1.16026
1.16886
1.17026
1.17757
1.18049
1.18785
1.19381
1.20189
1.205
1.21256
1.21381
1.2228
1.22466
1.22567
1.22623
1.22779
1.23559
1.23695
1.23723
1.23747
1.23866
1.24795
1.2492
1.25043
1.25148
1.25599
1.2578
1.26128
1.2613
1.26294
1.2647
1.26507
1.26851
1.28063
1.28064
1.28079
1.28825
1.29042
1.29383
1.30109
1.30359
1.30591
1.31755
1.31806
1.31861
1.31864
1.31913
1.32198
1.32501
1.32566
1.33066
1.33173
1.33249
1.33484
1.34442
1.34465
1.3476
1.34826
1.34925
1.35036
1.3504
1.35822
1.36016
1.36082
1.36264
1.36678
1.3673
1.37537
1.37835
1.38036
1.38116
1.38137
1.38989
1.38991
1.39104
1.39257
1.39381
1.39882
1.40589
1.40732
1.40958
1.41297
1.41403
1.41547
1.41583
1.41595
1.41625
1.41645
1.4176
1.41792
1.41884
1.4195
1.42075
1.42147
1.42298
1.42333
1.42397
1.43034
1.43036
1.43087
1.43445
1.4361
1.4374
1.43913
1.43956
1.44396
1.44565
1.44583
1.45
1.45135
1.45299
1.45449
1.45567
1.45581
1.46194
1.46466
1.46618
1.47372
1.47784
1.47949
1.47994
1.48511
1.48587
1.48839
1.49357
1.49421
1.49704
1.49864
1.49914
1.50057
1.50122
1.50171
1.51826
1.5188
1.52195
1.52366
1.52402
1.52542
1.52918
1.52929
1.53068
1.5313
1.53175
1.53298
1.53882
1.53966
1.53979
1.54161
1.54264
1.55677
1.56378
1.56399
1.56858
1.56998
1.57006
1.57099
1.57299
1.57315
1.57414
1.57952
1.58204
1.58658
1.58752
1.58814
1.59633
1.59958
1.59974
1.605
1.6116
1.61272
1.61636
1.61863
1.62303
1.62446
1.62829
1.62975
1.63002
1.63317
1.63359
1.63536
1.6377
1.64773
1.65188
1.65854
1.65964
1.66011
1.66152
1.66455
1.66524
1.67
1.6778
1.68182
1.69324
1.69332
1.69555
1.6967
1.71505
1.72823
1.72887
1.73899
1.74189
1.74305
1.75347
1.76167
1.76825
1.7913
1.79693
1.8041
1.8125
1.81738
1.82099
1.82786
1.8287
1.83023
1.83085
1.84151
1.8705
1.87119
1.87158
1.91889
1.9451
1.96849
1.98574
1.99539
2.03215
2.11871
2.14902
2.17925
2.82123
3.85657
4.1022
5.43475
9.58095
