0.10925
0.253369
0.421182
0.437833
0.46688
0.548708
0.597212
0.679128
0.688783
0.718298
0.75024
0.756936
0.761166
0.763504
0.800991
0.835344
0.86178
0.86835
0.877304
0.898835
0.931752
0.951286
0.954012
0.978315
0.98629
0.993407
0.998451
1.00859
1.03539
1.04122
1.0431
1.044
1.07143
1.07555
1.07567
1.08479
1.08649
1.09746
1.10289
1.12622
1.12988
1.13237
1.13451
1.15462
1.15811
1.15896
1.1637
1.1641
1.16606
1.16774
1.17473
1.17857
1.18063
1.18552
1.19189
1.19641
1.20726
1.21665
1.21678
1.2196
1.21991
1.22264
1.22327
1.22514
1.22975
1.23898
1.23981
1.2405
1.24407
1.24452
1.24938
1.26072
1.26182
1.26187
1.26497
1.26649
1.27796
1.28378
1.28654
1.28908
1.2899
1.29726
1.29901
1.30119
1.31017
1.31167
1.32132
1.32393
1.3245
1.32699
1.3294
1.33401
1.33421
1.33692
1.33807
1.33876
1.33913
1.34078
1.34173
1.34275
1.34829
1.34988
1.35037
1.35303
1.35682
1.35822
1.36174
1.36199
1.36282
1.36692
1.36732
1.36742
1.37055
1.37205
1.37431
1.37508
1.37828
1.3817
1.38414
1.38606
1.38791
1.38978
1.3905
1.39288
1.39305
1.39312
1.39718
1.39748
1.39875
1.40111
1.4026
1.40303
1.40336
1.40344
1.40458
1.4078
1.41002
1.41222
1.41404
1.41446
1.41632
1.41959
1.41972
1.42014
1.42602
1.42773
1.43495
1.43704
1.43737
1.43863
1.43948
1.43996
1.44106
1.44415
1.44496
1.44992
1.45065
1.4549
1.46025
1.46037
1.46094
1.46341
1.46434
1.47107
1.47155
1.47216
1.47441
1.4745
1.47891
1.47995
1.48119
1.48139
1.48212
1.48274
1.48508
1.48752
1.48962
1.49261
1.50693
1.51109
1.51207
1.51351
1.51521
1.51724
1.51994
1.52106
1.53269
1.5376
1.53772
1.53968
1.54106
1.5415
1.54309
1.54472
1.54538
1.54788
1.54873
1.55493
1.55496
1.55703
1.56813
1.56861
1.57536
1.57877
1.5796
1.58272
1.58502
1.58602
1.58748
1.59205
1.59537
1.59799
1.59801
1.6
1.61614
1.61868
1.65864
1.66667
1.66944
1.67209
1.6723
1.6752
1.67553
1.67553
1.67656
1.67944
1.68059
1.68894
1.69449
1.69684
1.69767
1.69929
1.70042
1.712
1.71473
1.71687
1.71958
1.72422
1.73749
1.74061
1.75718
1.78036
1.7859
1.7925
1.7982
1.80824
1.81206
1.81242
1.81905
1.82576
1.83945
1.84016
1.85668
1.86335
1.87213
1.88213
1.89455
1.90278
1.93403
1.98007
1.98555
1.98958
2.00693
2.01503
2.01569
2.03358
2.04037
2.0428
2.06434
2.20194
2.56437
2.73462
2.88939
2.89168
2.96058
3.21931
4.20088
4.4798
