0.236985
0.258767
0.284078
0.287945
0.324879
0.405147
0.456656
0.509703
0.571475
0.58008
0.64478
0.701239
0.705669
0.796254
0.806352
0.814058
0.82766
0.832311
0.83504
0.878037
0.882824
0.884244
0.893641
0.907988
0.909251
0.919
0.94898
0.950739
0.952364
0.952989
0.955713
0.958417
0.960497
0.961225
0.961638
0.962483
0.986188
0.988668
0.992353
0.994685
1.00146
1.00261
1.00621
1.01106
1.01127
1.01262
1.01582
1.01768
1.02039
1.02256
1.02301
1.02481
1.02533
1.02627
1.02778
1.02822
1.03388
1.03406
1.03468
1.03493
1.03502
1.03543
1.03657
1.03785
1.03906
1.0397
1.0399
1.0409
1.04202
1.04313
1.04391
1.04406
1.04677
1.04811
1.04822
1.04912
1.04969
1.05452
1.05653
1.05671
1.05858
1.05928
1.05973
1.05977
1.06091
1.06103
1.06196
1.06285
1.06354
1.06415
1.06464
1.06762
1.07093
1.07112
1.07209
1.07238
1.07447
1.07463
1.0758
1.07586
1.07596
1.0774
1.07879
1.07951
1.08023
1.08171
1.08267
1.08301
1.08466
1.08617
1.08675
1.08686
1.08691
1.08737
1.08738
1.08755
1.08782
1.08849
1.08869
1.08884
1.089
1.09027
1.09039
1.09069
1.09171
1.09219
1.09572
1.09823
1.09876
1.09919
1.10042
1.10107
1.10182
1.1019
1.1026
1.10324
1.10461
1.10549
1.10625
1.10634
1.1082
1.1085
1.10878
1.10897
1.10966
1.10975
1.10989
1.11009
1.11075
1.11327
1.11398
1.11488
1.11491
1.11548
1.11652
1.11958
1.11961
1.12018
1.12089
1.12108
1.12111
1.12182
1.12228
1.12235
1.12347
1.12447
1.12469
1.12542
1.12615
1.1265
1.12791
1.12903
1.13045
1.13359
1.13365
1.136
1.13862
1.14023
1.14192
1.14589
1.14598
1.1466
1.14682
1.14689
1.14857
1.14951
1.15017
1.15304
1.15304
1.15528
1.15547
1.15638
1.15686
1.15739
1.15913
1.15913
1.15959
1.16031
1.16048
1.16222
1.16256
1.16464
1.16604
1.1675
1.16943
1.17199
1.17508
1.17953
1.1801
1.18018
1.18453
1.18703
1.18722
1.18817
1.18841
1.19007
1.19362
1.19527
1.19554
1.19662
1.19806
1.20246
1.20374
1.20375
1.20496
1.20771
1.20804
1.21708
1.21772
1.22151
1.23011
1.23526
1.24015
1.24836
1.2503
1.2516
1.25312
1.26054
1.26359
1.26389
1.29352
1.294
1.29545
1.29839
1.32723
1.33165
1.34509
1.35261
1.35713
1.35852
1.37577
1.39024
1.39036
1.39292
1.42434
1.44011
1.44867
1.45064
1.45465
1.46406
1.48248
1.71154
1.72549
1.83872
1.88695
1.89034
1.92001
1.95865
1.96543
1.99212
2.06165
2.19959
2.43571
2.86648
3.75503
4.89369
5.50133
6.16033
7.62769
47.2875
