0.28591
0.382634
0.887354
0.906838
1.0376
1.04039
1.17491
1.20862
1.29007
1.3118
1.33149
1.33667
1.35572
1.3751
1.37578
1.37981
1.43386
1.4419
1.44564
1.44998
1.45896
1.50907
1.51025
1.5179
1.52592
1.53019
1.56388
1.57049
1.58222
1.58668
1.59867
1.62179
1.63822
1.64142
1.64517
1.64956
1.6824
1.69709
1.70486
1.7119
1.71669
1.73485
1.74554
1.78586
1.80088
1.803
1.81054
1.89743
1.95671
1.96341
1.97932
2.03573
2.19238
2.28173
2.2918
2.34198
2.34821
2.82834
2.85014
2.85593
2.87243
2.9491
2.96915
3.04619
3.07002
3.15261
3.15826
3.44009
3.44976
3.57577
3.75336
3.80762
3.93673
4.07248
4.42305
4.59271
4.88982
5.08838
5.11054
5.58016
5.8963
6.04971
6.07041
6.17466
6.30064
6.40829
6.41172
6.49184
6.54317
6.59224
6.67601
6.74637
6.79
6.92253
7.04932
7.32927
7.33165
7.65965
7.71293
7.73666
7.95412
8.10741
8.1496
8.40291
8.45642
8.48953
8.56505
8.69243
8.73302
9.22173
9.70813
10.9302
11.0523
11.9371
12.0652
12.3884
12.9271
14.3917
14.4783
15.5439
17.9976
18.6628
19.4793
19.4838
19.4856
21.0416
24.7358
24.8575
27.3653
29.976
30.0008
30.0127
30.3975
30.678
32.2319
33.9157
34.8458
34.9041
35.8813
37.4278
37.5829
