0.16418
0.596168
0.920575
0.992775
1.08658
1.14991
1.1747
1.17714
1.17717
1.18421
1.18748
1.24034
1.24371
1.29484
1.29937
1.31986
1.32191
1.33933
1.35256
1.35267
1.36801
1.37765
1.37976
1.38252
1.38457
1.41869
1.42712
1.42969
1.43161
1.45437
1.48709
1.4959
1.50149
1.50289
1.51639
1.51983
1.52476
1.5271
1.56068
1.5637
1.56709
1.58668
1.61087
1.61226
1.62463
1.62606
1.62861
1.63182
1.67107
1.67705
1.67883
1.69509
1.7094
1.77776
1.80611
1.82752
1.83491
1.84362
1.89862
1.90115
1.96989
1.97672
1.99342
1.99762
1.99763
2.03311
2.0531
2.05371
2.12986
2.14824
2.15685
2.29746
2.81532
2.95899
2.98385
2.9924
3.00609
3.19238
3.28055
3.66502
3.83377
3.97091
4.13199
4.15316
4.36942
4.39239
4.43467
4.62419
4.7408
4.82017
4.88053
5.18795
5.28427
5.37027
5.41528
5.59907
5.65082
5.70208
6.0736
6.17848
6.20557
6.2145
6.31939
6.3794
6.38253
6.48776
6.54843
6.68566
6.75632
6.80497
6.82885
6.9204
6.99713
7.11553
7.16309
7.33158
7.82179
7.86926
8.22778
8.39736
8.43276
8.456
8.54118
8.62667
8.68586
8.70317
8.83951
9.25452
9.45059
9.48412
9.52201
9.53505
9.78727
9.79249
10.159
10.2549
10.4544
11.8258
12.0525
13.6992
13.8611
14.6865
15.0832
17.2699
17.7137
18.8607
