0.82409
0.951299
1.04001
1.06372
1.06875
1.07989
1.08975
1.09814
1.10058
1.10948
1.13069
1.13724
1.14701
1.14977
1.15415
1.15701
1.17959
1.2064
1.20862
1.2498
1.27578
1.28915
1.29267
1.30376
1.30636
1.31089
1.32377
1.32912
1.33596
1.35465
1.35751
1.35955
1.36869
1.37572
1.40084
1.40611
1.41036
1.41184
1.42011
1.42847
1.43339
1.44291
1.45784
1.48077
1.51348
1.51492
1.52448
1.5298
1.53809
1.55383
1.57656
1.61215
1.61906
1.63484
1.65296
1.66872
1.69588
1.69613
1.69664
1.70589
1.72613
1.83981
1.9308
1.97177
1.98321
2.03068
2.04148
2.06494
2.08147
2.11896
2.29135
2.33564
2.47718
2.54711
2.94821
3.16881
3.23972
3.35073
3.52524
3.74877
3.83197
3.99194
3.99666
4.06308
4.06489
4.10607
4.16157
4.17018
4.2193
4.37785
4.50463
4.62944
4.68947
4.80851
4.81915
4.82197
4.85361
4.86114
4.87741
4.95226
5.06236
5.0899
5.12823
5.18581
5.19127
5.21246
5.21832
5.30085
5.39326
5.40775
5.50314
5.52191
5.56272
5.78449
5.86401
5.95659
5.98177
6.07351
6.16962
6.28229
6.31051
6.42686
6.50762
6.56765
6.68731
6.87301
6.90452
6.91402
7.29238
7.35749
7.3909
8.53304
8.92319
