0.269005
0.682638
0.977331
1.06023
1.1008
1.21084
1.26245
1.28089
1.35571
1.36497
1.40962
1.45109
1.49201
1.50648
1.50711
1.52533
1.52707
1.52797
1.5359
1.54249
1.54818
1.57259
1.57259
1.57605
1.59997
1.68763
1.69868
1.7095
1.71831
1.72873
1.7401
1.75364
1.77154
1.77408
1.79819
1.8174
1.85606
1.85821
1.86924
1.87901
1.89803
1.93165
1.96338
2.01426
2.01563
2.03821
2.05155
2.05981
2.08134
2.19088
2.47199
2.47866
2.5436
2.55198
2.7459
3.23413
3.3672
3.47908
3.68177
3.776
4.16158
4.29521
4.3285
4.37746
4.77411
4.968
5.16096
5.54304
5.58474
5.92331
7.04174
7.16608
8.03319
8.54044
9.547
9.88301
10.5173
11.8817
11.9188
12.0846
12.2779
12.4775
12.8005
13.6883
14.3109
14.3803
14.5602
14.7124
14.9734
15.234
15.6292
16.3775
16.3971
16.7084
16.7129
17.3427
17.447
17.5324
17.5956
17.6617
17.9413
18.0356
18.1804
19.2601
19.8796
20.1613
20.4759
20.6356
20.835
21.1301
21.4395
21.5601
21.743
22.1046
22.4699
22.5583
22.5806
22.7174
23.884
23.8892
24.654
25.1123
25.3078
26.7325
29.5716
33.3665
35.5607
37.4924
38.2805
38.5589
38.9336
40.6634
