0.880442
0.985315
1.10892
1.13005
1.17141
1.17808
1.19759
1.20433
1.23902
1.26079
1.2696
1.2754
1.28229
1.29322
1.32283
1.34114
1.35725
1.36334
1.39165
1.39973
1.42303
1.42602
1.45265
1.47572
1.4799
1.48388
1.49928
1.50523
1.51789
1.52054
1.52904
1.53576
1.54523
1.5533
1.56739
1.57977
1.60018
1.61106
1.61554
1.62103
1.66233
1.66274
1.6636
1.73261
1.73769
1.75396
1.79055
1.80377
1.81148
1.81859
1.82676
1.88835
1.90032
1.95919
1.96833
1.9786
2.11999
2.20134
2.29875
2.29931
2.38702
2.55638
2.9994
3.01962
3.08435
3.27919
3.33261
3.35976
3.40559
3.44291
3.50451
3.57149
4.05934
4.74103
4.80548
5.2441
5.63948
5.73417
5.93407
6.25339
6.56299
6.60818
6.9595
7.07359
7.10205
7.21209
7.30193
7.39039
7.42474
7.61177
7.64751
7.68161
7.7327
8.51643
8.60892
8.9726
9.20115
9.24809
9.69069
9.71106
9.74944
9.8282
10.042
10.0599
10.4515
10.6708
10.6996
10.775
10.8543
11.0292
11.0603
11.0653
11.2465
11.2559
11.4008
11.457
11.4776
11.7912
12.0433
12.1966
12.2589
12.5411
12.6082
12.6312
12.6372
12.6939
12.7123
12.7725
12.9663
13.4111
14.0182
15.9091
