0.318269
0.954662
1.03553
1.05695
1.16269
1.27973
1.37408
1.41818
1.42885
1.49901
1.51614
1.54645
1.54989
1.56863
1.57193
1.57319
1.58806
1.60689
1.61113
1.6264
1.62672
1.66722
1.67592
1.74035
1.75261
1.78322
1.83188
1.83802
1.85021
1.87269
1.87531
1.89424
1.90903
1.90925
1.9461
1.95531
2.03266
2.06663
2.07313
2.08902
2.10848
2.11645
2.16281
2.16346
2.26759
2.40855
2.42136
2.55005
2.85549
3.09881
3.95716
3.98964
4.16668
4.31009
4.38496
4.4099
4.68549
4.97302
5.33561
6.50199
6.96578
6.99129
7.21043
7.56713
7.59456
7.67742
7.68667
8.21889
8.38445
9.21291
11.3174
11.6478
13.6749
16.5101
16.9388
17.4189
18.5804
19.0656
19.5439
19.5548
20.0783
20.7985
20.9413
21.524
22.3689
22.4474
22.4753
22.6693
22.8398
22.8627
23.113
23.3222
24.1815
24.2164
24.2577
24.28
26.1174
27.5851
28.0791
28.0923
28.5619
29.1965
29.6534
30.1121
31.064
31.6498
32.3209
32.5117
33.7935
35.8032
36.5409
44.2016
48.7752
50.6511
55.3006
57.7514
59.5328
60.3215
61.7861
61.8318
63.0682
64.4639
65.9077
69.7173
69.9575
71.3748
72.7145
