1 9.69
10 12.64
100 9.41
101 3.19
102 33.42
103 31.45
104 6.90
105 22.20
107 2.55
108 7.39
109 6.23
11 179.58
111 105.16
112 21.84
113 142.52
114 29.53
115 19.34
116 14.53
117 3.77
118 9.46
119 7.34
12 7.13
120 8.34
121 3.93
123 20.36
124 3.27
125 49.55
127 137.82
128 11.26
129 5.80
13 27.15
130 12.18
131 48.15
132 44.50
133 15.67
134 8.34
135 2.87
137 8.47
139 3.96
14 10.65
140 20.38
141 8.03
142 10.88
143 6.99
144 9.92
145 15.45
147 6.75
148 16.76
149 22.29
15 2.40
150 20.87
151 5.58
152 10.44
153 4.93
154 2.43
155 138.52
156 12.37
157 140.73
158 124.48
159 35.46
16 5.36
160 122.72
161 9.47
162 7.79
163 21.86
164 7.76
167 8.09
168 138.01
169 22.48
17 56.39
170 17.96
171 26.86
172 3.98
173 111.34
175 5.90
176 10.38
178 142.58
179 5.12
18 4.72
180 21.06
181 6.89
182 6.00
183 26.16
184 21.86
185 10.89
186 6.14
187 29.81
189 27.91
19 25.33
190 5.14
191 5.67
192 6.54
193 39.96
194 9.20
196 9.13
197 9.14
198 9.15
199 10.03
2 43.50
20 5.08
200 10.70
201 6.95
202 8.05
205 5.51
206 11.35
207 113.05
208 19.05
209 145.36
211 9.97
212 2.77
213 3.57
214 9.76
215 7.28
216 9.59
217 22.41
218 130.00
219 9.91
220 103.82
221 21.78
222 38.15
223 7.72
224 29.13
225 20.75
226 7.75
227 10.73
228 37.42
229 37.77
23 10.18
230 4.37
231 4.13
232 7.38
233 23.46
234 8.64
235 18.82
237 12.95
238 7.96
239 9.51
24 6.67
241 14.22
242 50.41
243 10.30
244 48.88
245 8.62
246 46.57
247 4.85
248 4.06
249 9.02
25 2.91
250 118.64
251 9.90
252 27.48
253 28.99
254 4.57
255 6.45
256 8.14
257 16.70
258 64.32
259 115.92
26 3.00
260 5.36
261 6.57
262 9.08
263 4.35
265 26.72
266 8.94
268 9.29
269 15.11
27 5.85
270 42.64
271 10.89
272 106.60
273 9.48
274 6.74
275 157.81
276 4.95
278 7.91
279 126.04
28 26.78
280 4.55
281 21.31
282 19.83
283 10.65
285 7.61
287 2.95
288 14.31
289 131.69
29 9.95
290 19.89
291 5.66
292 11.20
293 7.21
294 4.33
295 23.01
296 166.48
297 8.69
3 44.64
30 8.01
300 138.26
301 28.47
302 7.46
303 3.27
304 11.06
305 9.43
306 20.39
307 10.87
308 42.13
309 2.34
31 11.54
310 5.18
311 101.48
313 9.81
314 10.64
315 1.61
316 9.29
317 136.14
318 10.07
321 2.98
322 4.88
323 116.92
324 6.69
325 2.46
326 8.61
327 4.04
328 7.35
329 7.66
330 9.52
331 8.14
332 11.03
334 11.27
335 21.40
337 30.44
338 12.75
339 4.79
34 6.73
340 8.20
342 5.01
343 12.97
344 15.20
345 26.68
346 10.23
347 9.13
348 44.93
349 3.10
35 132.70
350 34.26
351 3.43
352 7.30
353 4.68
355 3.28
356 5.58
357 9.75
359 13.23
36 8.20
361 5.25
362 10.41
363 4.69
364 7.80
365 129.05
366 20.87
367 9.34
368 11.80
369 2.45
37 104.78
371 78.74
374 12.62
376 5.05
379 7.82
38 46.17
380 135.81
381 44.61
384 182.46
385 119.67
386 6.91
387 164.11
389 124.59
39 17.30
390 9.21
391 22.63
392 10.77
393 124.02
394 39.82
395 9.42
396 34.50
397 20.46
398 20.85
4 111.53
40 9.52
400 20.22
41 12.66
42 7.46
43 10.92
44 146.44
45 12.00
46 10.84
47 5.50
48 13.67
49 4.77
50 37.47
51 9.61
52 7.11
53 28.99
54 4.70
55 19.97
56 2.88
57 4.39
58 105.77
6 2.39
60 16.61
61 2.89
62 8.85
63 4.61
64 115.14
65 2.38
66 5.03
67 21.20
68 5.94
69 115.16
7 15.55
70 10.95
71 20.62
72 7.66
73 11.37
74 67.67
75 4.06
77 8.21
78 5.88
79 7.17
8 10.81
80 8.53
81 4.71
82 4.69
83 10.14
84 7.51
85 6.75
86 9.74
87 6.59
88 6.34
89 58.62
9 20.09
90 5.42
91 116.65
92 8.14
93 10.10
94 5.03
96 6.33
97 10.66
98 122.56
99 9.63
