10 510.84
100 240.70
102 470.06
103 575.05
104 164.16
105 716.71
108 101.65
109 197.79
11 5688.44
111 3354.31
112 681.20
113 4601.35
114 507.68
115 631.58
116 452.26
118 272.29
119 87.19
12 377.93
120 308.18
121 139.30
123 632.06
125 1626.69
127 4465.46
128 470.77
13 521.71
130 590.40
131 1488.65
132 1386.47
133 303.29
134 324.32
137 451.41
14 375.52
140 691.57
141 877.10
142 425.89
144 180.40
145 676.82
147 100.11
148 477.48
149 517.10
150 644.88
151 139.83
152 441.01
153 313.50
155 4303.79
156 425.77
157 4566.94
158 3849.33
159 1344.20
16 185.37
160 3842.57
161 394.91
162 431.13
163 683.62
164 216.64
167 675.75
168 4436.86
169 719.53
17 3547.43
170 427.37
171 651.07
173 3565.23
175 355.40
176 419.20
178 4560.52
179 130.14
18 347.44
180 709.73
181 435.46
182 75.32
183 844.84
184 645.11
185 104.01
187 517.58
189 726.49
19 463.81
190 96.13
191 354.35
192 405.48
193 1486.23
194 282.92
196 85.94
197 387.99
198 556.22
199 384.71
2 545.27
201 493.79
202 562.91
205 75.45
206 368.83
207 3428.90
208 593.75
209 4679.74
211 238.71
214 428.29
215 195.59
216 372.23
217 627.28
218 4139.34
219 512.07
220 2474.95
221 641.05
222 1410.85
223 323.89
224 916.43
225 646.38
226 333.79
227 387.84
228 1350.55
229 532.16
23 506.53
230 127.24
232 1049.71
233 730.34
234 284.57
235 696.59
237 467.04
239 452.50
24 332.89
241 451.68
242 567.09
243 246.45
244 520.22
245 315.46
246 550.36
247 327.63
249 386.06
250 3863.40
251 384.51
252 897.63
253 462.48
254 322.37
255 313.96
256 225.12
257 837.45
258 2392.33
259 3667.28
260 149.73
261 158.92
262 204.96
263 119.32
265 913.46
266 603.12
268 375.22
269 339.88
27 217.79
270 496.39
271 364.50
272 3405.98
273 296.89
274 154.14
275 5079.78
276 336.84
278 288.75
279 4084.55
28 843.42
280 341.18
281 699.32
282 625.38
283 340.07
285 181.83
287 79.71
288 348.50
289 4255.99
29 105.01
290 651.70
292 550.81
293 199.47
295 723.80
296 5408.17
297 707.1
3 803.73
30 327.71
300 4651.30
301 926.89
304 441.07
305 390.35
306 648.29
307 321.89
308 1331.26
31 720.60
310 109.69
311 3164.22
313 425.09
314 115.93
316 410.84
317 4413.17
318 355.41
322 84.00
323 2949.56
324 354.80
327 123.74
328 182.61
329 283.36
330 407.62
331 381.51
332 303.89
334 377.34
335 687.49
337 506.34
338 572.90
339 146.51
34 181.49
340 340.62
343 294.70
344 334.64
345 692.77
346 443.28
347 476.99
348 1404.80
349 89.96
35 4265.36
350 433.81
351 118.79
352 405.56
357 394.79
359 534.61
36 414.80
361 342.00
362 618.39
363 321.43
364 311.51
365 4149.01
366 654.47
367 432.56
37 3597.50
371 2351.25
374 400.64
376 335.92
379 179.19
38 487.42
380 4399.27
381 507.78
384 6009.38
385 3882.81
386 407.02
387 5293.24
389 4028.82
39 660.60
390 401.42
391 844.93
392 459.27
393 3800.99
394 539.52
395 294.15
396 468.91
397 650.55
398 640.61
4 3398.02
40 367.16
400 630.37
41 522.54
42 419.15
43 320.53
44 4726.78
45 113.90
46 357.00
47 114.29
48 316.89
49 320.78
50 544.33
51 418.83
52 240.45
53 945.31
54 107.57
55 643.37
58 3518.47
6 75.74
60 532.92
61 78.80
62 93.89
63 167.54
64 3590.24
66 159.56
67 621.18
68 101.75
69 3552.15
7 589.32
70 376.87
71 639.96
72 388.82
73 444.85
74 1655.66
77 310.53
78 150.32
79 236.73
8 492.12
80 264.91
81 113.68
82 167.29
83 446.61
84 499.44
85 255.35
86 419.03
87 399.86
88 302.18
9 647.85
90 332.18
91 3722.07
92 91.96
93 419.02
94 107.68
96 384.69
97 476.68
98 3951.31
99 457.27
