1 15.51
2 92.68
3 48.88
4 73.79
6 4.73
7 30.69
8 16.38
9 31.22
10 94.11
11 122.79
12 10.67
13 75.59
14 14.71
16 8.34
17 88.49
18 14.24
19 42.08
20 8.01
23 17.72
24 11.66
25 4.92
26 6.26
27 9.66
28 40.93
29 5.81
30 10.95
31 20.67
34 10.18
35 95.47
36 15.93
37 106.38
38 82.05
39 31.27
40 11.33
41 19.80
42 13.04
43 39.30
44 103.13
45 7.88
46 18.69
47 11.02
48 21.84
49 18.91
50 31.35
51 11.60
52 10.13
53 38.95
54 7.03
55 29.10
56 4.88
57 4.93
58 151.45
60 22.73
61 3.49
62 5.47
63 6.57
64 80.20
66 7.91
67 30.91
68 5.99
69 88.87
70 37.12
71 34.08
72 11.57
73 19.41
74 140.79
75 7.93
76 10.18
77 12.33
78 8.85
79 11.02
80 11.56
81 7.02
82 6.44
83 18.40
84 13.93
85 10.68
86 11.35
87 12.61
88 11.91
89 78.28
90 13.30
91 87.18
92 5.51
93 16.51
94 7.23
96 12.01
97 19.38
98 94.24
99 12.30
100 16.18
101 5.70
102 37.47
103 82.75
104 15.28
105 31.80
107 3.27
108 5.72
109 8.51
111 142.79
112 31.61
113 89.15
114 88.82
115 29.07
116 20.45
117 5.56
118 11.41
119 5.10
120 10.49
121 6.00
123 29.53
124 10.25
125 66.09
127 87.16
128 19.41
129 9.71
130 17.99
131 63.87
132 66.18
133 23.43
134 12.06
135 3.95
137 13.23
139 6.66
140 29.78
141 11.46
142 10.28
143 7.75
144 11.34
145 23.79
147 8.32
148 22.80
149 25.44
150 34.68
151 9.30
152 11.41
153 12.98
154 4.39
155 112.73
156 17.95
157 89.07
158 91.80
159 63.53
160 92.52
161 11.32
162 14.49
163 31.65
164 12.09
166 9.42
167 12.11
168 109.79
169 32.80
170 22.45
171 41.54
172 7.92
173 77.98
175 11.28
176 19.04
178 105.61
179 8.49
180 29.86
181 9.66
182 4.79
183 40.32
184 36.41
185 6.30
186 5.06
187 75.24
189 38.84
190 13.11
191 11.95
192 13.09
193 67.49
194 11.29
196 5.75
197 14.60
198 14.61
199 14.41
200 39.02
201 13.36
202 43.81
205 4.74
206 16.65
207 67.28
208 25.59
209 103.50
211 12.00
212 5.66
213 4.79
214 11.37
215 11.59
216 14.79
217 25.79
218 106.37
219 15.01
220 166.82
221 29.85
222 62.96
223 11.53
224 41.14
225 30.09
226 10.96
227 35.10
228 72.72
229 100.45
230 6.13
231 7.77
232 11.61
233 33.26
234 12.29
235 28.76
237 12.51
238 20.31
239 15.58
241 23.08
242 104.97
243 11.46
244 91.41
245 14.06
246 98.94
247 22.50
249 15.37
250 78.48
251 15.03
252 39.16
253 38.92
254 19.50
255 11.75
256 11.38
257 26.45
258 101.12
259 88.18
260 8.34
261 9.60
262 13.15
263 6.32
265 53.12
266 13.75
268 14.62
269 21.82
270 80.30
271 13.71
272 71.46
273 8.52
274 15.90
275 111.63
276 19.62
278 12.10
279 99.83
280 18.59
281 30.65
282 29.10
283 12.64
285 12.55
287 4.04
288 20.86
289 106.57
290 29.41
291 9.32
292 20.18
293 13.94
294 5.78
295 31.89
296 150.09
297 11.82
300 100.85
301 38.57
302 5.90
303 10.12
304 18.22
305 15.62
306 32.88
307 38.43
308 76.84
309 4.04
310 7.57
311 78.96
313 18.06
314 6.64
316 11.38
317 85.12
318 12.37
322 5.24
323 93.29
324 12.06
325 3.75
326 7.21
327 6.71
328 10.93
329 12.82
330 15.94
331 16.22
332 30.24
334 15.72
335 30.48
337 74.99
338 22.02
339 6.46
340 15.04
342 13.34
343 10.17
344 22.32
345 33.41
346 12.93
347 14.18
348 60.75
349 4.42
350 40.86
351 4.93
352 10.69
353 5.88
355 6.77
356 8.37
357 11.53
359 18.41
361 13.74
362 17.43
363 17.88
364 12.57
365 88.53
366 29.36
367 16.51
368 14.97
371 121.47
374 20.81
376 12.93
379 10.09
380 109.91
381 92.07
384 130.12
385 83.91
386 12.09
387 113.36
389 88.37
390 16.04
391 39.53
392 20.93
393 83.63
394 95.72
395 11.29
396 40.85
397 33.84
398 32.53
400 29.11
