1 9.46
10 13.26
100 9.58
101 3.19
102 10.82
103 13.36
104 7.87
105 22.56
107 2.35
108 3.53
109 6.07
11 177.46
111 104.97
112 21.37
113 141.87
114 13.37
115 19.69
116 14.34
117 3.47
118 9.87
119 3.17
12 6.97
120 7.95
121 3.85
123 19.81
125 50.09
127 137.64
128 10.30
129 5.01
13 13.38
130 11.32
131 45.20
132 45.42
133 8.86
134 7.97
137 7.98
139 3.93
14 11.27
140 20.30
141 8.30
142 9.78
143 3.93
144 10.41
145 16.81
147 5.43
148 13.02
149 15.01
150 20.48
151 5.26
152 10.34
153 5.01
155 140.91
156 12.23
157 140.77
158 122.63
159 34.31
16 5.29
160 121.69
161 9.86
162 7.61
163 21.57
164 7.89
167 8.72
168 137.83
169 22.53
17 62.13
170 9.65
171 19.73
172 3.90
173 113.46
175 6.23
176 9.57
178 142.86
179 4.86
18 4.99
180 20.91
181 7.06
182 2.90
183 25.71
184 20.82
185 3.73
186 2.98
187 13.54
189 20.40
19 11.04
190 5.24
191 5.61
192 6.63
193 39.49
194 9.04
196 3.29
197 11.92
198 8.89
199 10.93
2 13.63
20 4.05
200 10.56
201 7.14
202 8.21
205 2.83
206 11.22
207 113.15
208 18.62
209 144.28
211 10.22
212 2.34
213 4.71
214 9.75
215 7.66
216 9.38
217 22.38
218 131.74
219 9.53
220 99.91
221 20.84
222 37.72
223 7.57
224 29.33
225 20.91
226 7.99
227 10.64
228 39.51
229 13.25
23 10.09
230 4.29
231 2.93
232 7.16
233 23.09
234 8.53
235 20.27
237 12.10
238 8.75
239 9.58
24 6.90
241 12.88
242 13.63
243 9.62
244 13.77
245 8.49
246 13.26
247 4.69
248 3.21
249 9.02
25 2.35
250 118.71
251 10.67
252 27.70
253 11.07
254 4.68
255 6.27
256 8.05
257 16.85
258 64.11
259 114.06
26 4.05
260 5.47
261 6.55
262 9.56
263 4.68
265 26.32
266 8.65
268 9.34
269 8.80
27 6.20
270 13.59
271 10.24
272 106.69
273 5.07
274 5.98
275 157.71
276 4.85
278 7.71
279 126.22
28 25.78
280 4.75
281 20.97
282 20.87
283 10.86
285 7.66
287 2.68
288 8.92
289 131.39
29 3.41
290 19.42
292 11.09
293 8.32
295 22.04
296 163.07
297 8.75
3 22.15
30 7.75
300 139.21
301 28.34
302 5.95
303 3.22
304 9.86
305 8.85
306 20.35
307 11.04
308 40.45
309 2.33
31 11.71
310 4.82
311 101.11
313 14.91
314 3.65
316 8.89
317 137.04
318 10.34
321 3.26
322 3.17
323 103.48
324 6.43
326 9.18
327 3.96
328 7.70
329 7.41
330 8.89
331 8.81
332 10.91
334 10.02
335 20.74
337 13.49
338 12.80
339 4.54
34 6.07
340 7.93
342 3.94
343 5.76
344 8.85
345 18.97
346 10.23
347 8.88
348 44.56
349 2.99
35 132.98
350 11.00
351 3.41
352 6.91
353 3.53
355 3.28
356 4.18
357 9.34
359 13.45
36 8.10
361 5.24
362 10.54
363 4.88
364 7.53
365 128.78
366 20.57
367 8.66
368 12.34
37 105.18
371 84.12
374 8.80
376 5.33
379 7.34
38 13.22
380 135.75
381 13.31
384 179.46
385 119.54
386 6.76
387 164.37
389 125.15
39 17.03
390 9.55
391 21.77
392 11.33
393 124.02
394 13.54
395 9.63
396 11.04
397 20.94
398 20.05
4 107.82
40 9.46
400 19.13
41 13.27
42 6.51
43 10.52
44 146.18
45 4.74
46 10.71
47 5.58
48 8.71
49 4.87
50 15.15
51 9.65
52 6.90
53 28.94
54 4.74
55 18.98
57 4.46
58 110.55
6 2.35
60 16.20
61 2.47
62 3.23
63 4.80
64 115.71
66 5.02
67 20.50
68 3.37
69 113.74
7 16.70
70 10.94
71 19.51
72 7.67
73 11.15
74 70.37
75 4.03
77 8.17
78 5.52
79 6.88
8 11.53
80 8.35
81 4.31
82 4.78
83 10.02
84 7.29
85 6.47
86 9.37
87 6.57
88 6.17
89 60.31
9 21.08
90 5.43
91 116.46
92 3.30
93 9.01
94 4.79
96 6.04
97 10.69
98 122.23
99 9.48
