1 292.15
2 1228.48
3 696.53
4 1151.92
7 558.84
8 395.21
9 483.41
10 1101.25
11 1977.58
12 264.67
13 1123.29
14 347.51
15 57.50
16 141.91
17 2190.71
18 344.66
19 599.59
23 474.37
24 316.68
27 203.09
28 726.33
29 87.74
30 278.71
31 669.07
34 158.51
35 1552.71
36 400.76
37 1743.75
38 967.02
39 609.78
40 259.50
41 529.29
42 327.01
43 636.83
44 1670.66
45 106.09
46 555.40
47 146.02
48 375.65
49 338.53
50 496.90
51 254.31
52 179.12
53 635.85
54 96.83
55 448.85
56 56.86
57 114.65
58 2349.34
62 83.74
63 134.15
64 1269.64
66 140.65
67 478.75
68 87.76
69 1399.53
70 551.66
71 468.97
72 288.73
73 422.32
74 2124.50
77 317.80
78 142.70
79 208.97
80 217.10
81 106.97
82 129.49
83 417.58
84 500.04
85 209.42
86 257.50
87 374.73
88 295.98
89 1280.87
90 286.29
91 1393.69
92 85.35
93 394.51
94 94.54
96 335.17
97 435.02
98 1529.05
99 250.20
100 900.67
102 555.25
103 1040.27
104 248.25
105 521.43
107 56.91
108 89.75
109 146.42
111 2455.03
112 537.44
113 1450.47
114 1000.25
115 461.86
116 346.47
118 297.24
119 77.52
120 285.11
121 106.35
123 445.82
125 1172.25
127 1400.59
128 427.58
130 454.24
131 1035.22
132 1012.30
133 407.10
134 274.43
137 310.77
140 494.44
141 678.88
142 274.79
144 289.26
145 543.36
148 393.08
149 463.90
150 480.51
151 126.55
152 271.45
153 246.15
155 1733.50
156 315.87
157 1424.77
158 1397.00
159 1060.52
160 1469.39
161 258.83
162 488.92
163 506.48
164 242.84
167 582.12
168 1768.48
169 561.08
170 406.67
171 474.57
173 1229.53
175 265.31
176 414.06
178 1699.36
179 122.92
180 471.78
181 331.14
182 75.74
183 703.64
184 526.52
185 89.53
186 81.47
187 1022.87
189 656.49
190 240.92
191 301.20
192 354.78
193 1246.47
194 308.73
196 84.14
197 344.24
198 387.96
199 327.79
200 574.84
201 500.59
202 647.29
205 73.97
206 315.96
207 1062.22
208 418.14
209 1666.85
211 282.00
214 272.31
215 218.02
216 307.91
217 428.80
218 1674.40
219 486.17
220 1971.71
221 445.47
222 1224.26
223 266.10
224 723.95
225 479.48
226 279.12
227 198.63
228 1154.49
229 1316.04
230 130.51
232 866.47
233 539.66
234 226.98
235 580.11
237 297.67
238 323.81
239 468.38
241 389.33
242 1259.36
243 288.86
244 1271.42
245 260.27
246 1254.02
247 397.90
249 359.63
250 1264.37
251 341.32
252 709.12
253 651.62
254 422.14
255 305.66
256 273.03
257 886.92
258 1879.82
259 1405.53
260 150.73
261 142.96
262 186.44
265 738.04
266 376.55
268 355.51
269 329.69
270 1159.50
271 313.27
272 1129.89
273 211.68
274 97.12
275 1798.43
276 354.61
278 227.96
279 1617.43
280 410.97
281 553.49
282 487.91
283 242.71
285 512.75
287 71.04
288 381.14
289 1726.36
290 473.98
292 418.20
293 169.93
294 90.75
295 519.40
296 2323.84
297 634.19
300 1604.98
301 633.2
304 410.26
305 372.15
306 466.36
307 546.58
308 1239.44
310 88.38
311 1250.36
313 277.58
314 94.18
316 272.07
317 1376.88
318 244.35
322 79.41
323 1383.28
324 314.58
327 119.42
328 189.98
329 303.27
330 374.07
331 377.54
332 227.76
334 314.80
335 509.75
337 1114.99
338 754.53
339 103.30
340 339.47
342 94.64
343 227.61
344 353.53
345 568.61
346 248.47
347 373.46
348 990.29
349 101.30
350 699.60
351 98.81
352 405.73
353 106.01
356 119.23
357 260.67
359 448.98
361 306.37
362 465.90
363 379.51
364 266.92
365 1445.50
366 469.90
367 404.26
368 208.69
371 1780.55
374 388.47
376 319.94
380 1782.98
381 1159.53
384 2161.97
385 1370.42
386 306.32
387 1776.74
389 1420.74
390 358.16
391 712.80
392 438.74
393 1261.45
394 1201.46
395 303.61
396 641.25
397 447.78
398 472.41
400 437.87
