1 159.84
10 259.59
100 229.16
102 232.09
103 305.69
104 119.99
105 347.49
108 52.06
109 99.84
11 2862.59
111 1678.53
112 347.99
113 2287.40
114 254.14
115 315.30
116 226.48
118 143.55
119 44.10
12 151.50
120 150.57
121 67.37
123 319.38
125 805.77
127 2212.60
128 226.85
129 52.32
13 263.42
130 293.85
131 719.13
132 710.12
133 204.55
134 162.18
137 200.51
14 182.92
140 348.17
141 361.58
142 183.56
143 86.45
144 139.00
145 328.17
147 85.77
148 236.57
149 248.26
150 321.32
151 72.17
152 215.63
153 147.54
155 2173.47
156 209.29
157 2275.96
158 1972.97
159 643.69
16 91.23
160 1932.74
161 188.19
162 205.89
163 344.65
164 110.58
167 314.47
168 2219.50
169 372.64
17 1814.87
170 208.42
171 321.18
173 1809.35
175 164.23
176 206.21
178 2286.06
179 65.99
18 159.53
180 369.55
181 182.19
182 38.32
183 428.89
184 320.26
185 53.11
186 48.18
187 266.94
189 384.96
19 245.43
190 90.01
191 166.26
192 186.22
193 747.22
194 166.15
196 50.35
197 189.20
198 241.34
199 183.46
2 295.70
200 194.05
201 224.44
202 251.95
205 38.02
206 190.84
207 1797.62
208 294.57
209 2331.76
211 146.83
213 61.17
214 210.88
215 117.26
216 187.46
217 313.37
218 2073.75
219 249.58
220 1455.69
221 319.90
222 703.10
223 165.12
224 474.70
225 320.70
226 165.58
228 678.50
229 284.94
23 228.65
230 76.15
232 452.58
233 366.12
234 142.54
235 344.51
237 232.91
238 145.46
239 241.06
24 161.91
241 231.15
242 297.85
243 147.41
244 306.40
245 159.74
246 306.03
247 151.56
249 188.06
25 34.43
250 1919.70
251 182.23
252 453.74
253 227.72
254 142.64
255 163.45
256 143.07
257 426.55
258 1153.38
259 1875.44
260 82.01
261 100.31
262 114.01
263 60.14
265 437.14
266 264.22
268 176.86
269 168.39
27 111.61
270 270.04
271 175.89
272 1677.33
273 144.90
274 78.10
275 2536.77
276 152.43
278 145.08
279 2036.69
28 430.54
280 150.28
281 349.31
282 308.60
283 170.84
285 123.29
287 41.84
288 204.56
289 2128.32
29 51.81
290 318.73
292 279.84
293 101.24
295 362.79
296 2650.35
297 348.12
3 414.14
30 164.02
300 2339.97
301 473.90
304 210.66
305 191.24
306 320.15
307 223.92
308 679.61
31 317.21
310 55.95
311 1638.06
313 217.32
314 57.84
316 201.75
317 2203.31
318 175.28
322 42.34
323 1533.36
324 172.75
326 90.45
327 61.32
328 90.75
329 211.57
330 194.88
331 185.19
334 188.54
335 352.05
337 254.33
338 354.21
339 70.17
34 77.43
340 165.41
342 48.00
343 132.24
344 162.06
345 330.42
346 257.02
347 203.82
348 705.67
349 47.23
35 2133.88
350 223.56
351 50.84
352 223.46
353 61.19
357 190.52
359 254.62
36 197.38
361 158.03
362 294.34
363 148.56
364 150.00
365 2094.34
366 319.16
367 213.02
368 164.80
37 1707.73
371 1191.22
374 156.80
376 162.29
38 256.07
380 2230.14
381 256.42
384 2993.88
385 1932.28
386 193.94
387 2643.11
389 2017.66
39 333.04
390 188.41
391 407.89
392 226.73
393 1942.04
394 292.56
395 162.10
396 229.29
397 317.13
398 317.54
4 1716.94
40 175.86
400 317.86
41 289.35
42 218.02
43 196.12
44 2367.49
45 61.00
46 191.07
47 93.93
48 159.46
49 148.44
50 284.14
51 200.82
52 122.25
53 470.99
54 54.40
55 318.61
58 1872.27
6 37.66
60 247.99
62 50.56
63 83.29
64 1805.22
66 84.82
67 317.86
68 50.40
69 1795.99
7 301.04
70 212.72
71 319.28
72 150.44
73 217.86
77 175.87
78 84.17
79 133.62
8 218.69
80 132.04
81 56.69
82 84.84
83 215.86
84 239.26
85 105.01
86 200.20
87 180.84
88 144.42
89 956.88
9 320.81
90 150.54
91 1866.01
92 47.02
93 197.77
94 54.01
96 180.39
97 228.80
98 1977.32
99 216.34
