1 67.85
2 295.34
3 162.84
4 290.22
6 16.89
7 132.47
8 74.55
9 108.81
10 346.66
11 493.40
12 55.83
13 315.66
14 72.40
16 35.78
17 428.46
18 76.60
19 157.77
20 24.24
23 84.33
24 62.26
25 19.84
27 40.58
28 192.53
29 22.23
30 56.92
31 100.55
34 42.80
35 385.99
36 74.44
37 435.06
38 288.21
39 133.66
40 50.74
41 93.63
42 74.38
43 67.98
44 413.75
45 27.92
46 130.25
47 35.82
48 83.83
49 75.29
50 130.38
51 54.82
52 44.17
53 156.09
54 31.99
55 106.63
57 19.89
58 680.68
60 86.79
61 14.31
62 20.22
63 30.39
64 318.56
66 34.22
67 115.77
68 23.37
69 353.18
70 125.71
71 111.03
72 55.47
73 89.95
74 409.37
75 26.14
77 62.63
78 36.28
79 49.26
80 50.27
81 32.75
82 28.97
83 90.33
84 93.19
85 53.48
86 54.90
87 69.68
88 62.24
89 308.24
90 60.17
91 350.28
92 21.12
93 80.19
94 31.22
96 68.64
97 93.66
98 378.13
99 55.66
100 96.50
102 148.88
103 292.68
104 28.70
105 124.48
107 13.46
108 21.87
109 35.71
111 615.83
112 124.11
113 358.91
114 284.26
115 105.19
116 81.99
117 14.88
118 57.84
119 19.42
120 55.39
121 25.10
123 115.82
125 277.32
127 348.47
128 93.64
129 26.95
130 85.17
131 253.32
132 277.09
133 89.86
134 59.76
135 16.60
137 70.47
140 119.88
141 86.47
142 61.69
143 31.54
144 60.80
145 113.73
146 25.02
147 37.57
148 111.71
149 116.51
150 121.50
151 32.88
152 54.79
153 56.34
155 442.09
156 74.02
157 351.75
158 361.02
159 326.28
160 368.49
161 56.75
162 74.51
163 125.32
164 66.90
167 78.65
168 441.78
169 128.86
170 88.99
171 157.45
173 315.93
175 55.65
176 88.04
178 424.12
179 31.12
180 128.41
181 55.82
182 19.07
183 189.28
184 159.60
185 24.11
186 19.31
187 261.37
189 155.64
190 64.03
191 58.84
192 49.31
193 297.62
194 57.90
196 21.34
197 71.84
198 79.06
199 68.66
200 132.11
201 75.93
202 153.45
205 18.08
206 76.04
207 265.39
208 104.89
209 415.49
211 58.72
212 14.26
214 54.83
215 61.97
216 75.80
217 102.97
218 419.31
219 83.55
220 588.51
221 110.20
222 282.36
223 56.04
224 180.34
225 111.17
226 57.02
227 152.00
228 444.11
229 313.32
230 26.95
232 86.28
233 128.43
234 51.89
235 132.42
237 61.38
238 78.73
239 83.48
241 94.96
242 297.72
243 57.75
244 311.59
245 59.89
246 292.92
247 81.74
249 74.41
250 313.14
251 69.86
252 154.01
253 146.57
254 82.42
255 62.30
256 57.09
257 158.26
258 431.17
259 350.23
260 35.79
261 34.63
262 65.48
263 25.87
265 211.38
266 80.64
268 75.79
269 85.06
270 287.86
271 68.91
272 284.04
273 44.14
274 38.41
275 451.13
276 84.23
278 49.95
279 401.50
280 90.14
281 134.83
282 119.02
283 48.30
285 70.02
286 28.85
287 17.86
288 89.45
289 427.61
290 110.64
291 24.51
292 98.27
293 53.89
295 128.19
296 593.51
297 82.17
300 413.18
301 168.59
302 16.85
304 90.15
305 76.74
306 119.07
307 141.19
308 338.70
309 13.65
310 32.09
311 312.59
313 72.70
314 23.66
316 55.17
317 341.20
318 55.38
322 19.22
323 363.90
324 63.34
325 15.86
326 82.11
327 28.18
328 59.03
329 63.78
330 78.99
331 81.30
332 128.77
334 66.05
335 131.74
337 336.37
338 108.18
339 26.54
340 70.45
342 34.89
343 47.75
344 84.86
345 132.58
346 65.19
347 79.63
348 243.50
349 19.67
350 151.32
351 21.37
352 68.68
353 25.39
355 25.85
356 34.01
357 56.68
359 88.29
361 71.37
362 91.99
363 85.81
364 60.63
365 357.06
366 117.84
367 88.32
371 472.47
374 86.32
376 61.03
379 29.01
380 441.01
381 301.19
384 546.82
385 337.65
386 67.44
387 442.59
389 352.70
390 81.24
391 166.93
392 100.86
393 319.77
394 303.98
395 57.56
396 154.97
397 116.66
398 108.02
400 106.19
