1 171.71
10 260.78
100 119.38
102 232.96
103 321.20
104 90.20
105 353.25
107 41.84
108 55.04
109 107.15
11 2852.36
111 1681.91
112 362.73
113 2287.34
114 255.36
115 332.00
116 225.88
118 163.39
119 54.49
12 193.16
120 164.16
121 69.97
123 314.97
125 757.51
127 2220.60
128 254.87
129 58.69
13 268.55
130 299.96
131 715.95
132 726.49
133 229.99
134 178.59
137 201.32
138 19.04
139 16.45
14 202.03
140 353.51
141 389.22
142 245.36
143 84.67
144 155.22
145 328.26
147 93.10
148 230.48
149 255.45
15 40.62
150 327.53
151 81.39
152 206.97
153 141.79
155 2051.74
156 222.01
157 2278.49
158 1993.77
159 654.84
16 97.45
160 1936.12
161 175.55
162 209.23
163 348.83
164 293.16
167 320.44
168 2215.96
169 360.18
17 1453.87
170 213.06
171 330.59
173 1809.59
175 154.70
176 231.04
178 2290.74
179 69.62
18 153.23
180 373.39
181 187.56
182 51.28
183 441.53
184 334.95
185 59.70
186 50.47
187 279.96
189 406.73
19 244.16
190 94.26
191 150.26
192 180.09
193 741.40
194 190.51
196 57.37
197 194.48
198 274.60
199 180.55
2 299.62
20 50.61
200 201.85
201 237.83
202 240.04
205 51.81
206 189.68
207 1769.50
208 287.58
209 2343.46
211 165.09
214 206.39
215 201.34
216 185.50
217 299.56
218 2078.37
219 251.49
220 1511.88
221 328.65
222 716.78
223 167.91
224 429.33
225 332.11
226 169.71
227 212.62
228 696.20
229 296.60
23 238.60
230 82.33
232 478.58
233 364.37
234 145.62
235 352.11
237 343.34
238 162.05
239 256.21
24 171.00
241 225.31
242 293.84
243 164.03
244 302.68
245 158.82
246 314.49
247 146.23
249 214.55
25 52.06
250 1926.77
251 200.29
252 457.36
253 243.41
254 138.64
255 181.93
256 163.32
257 436.72
258 1165.29
259 1878.67
260 86.08
261 101.74
262 124.80
263 61.02
265 438.53
266 260.05
268 200.11
269 187.63
27 112.93
270 276.11
271 191.19
272 1690.68
273 130.76
274 78.84
275 2522.04
276 144.41
278 151.66
279 2035.56
28 443.73
280 149.43
282 317.40
283 174.28
285 133.74
287 49.52
288 182.99
289 2128.98
29 64.84
290 345.41
292 265.88
293 143.72
294 66.33
295 359.73
296 2555.38
297 355.91
3 417.33
30 171.99
300 2234.36
301 478.98
304 241.17
305 214.22
306 316.68
307 215.64
308 683.31
309 37.59
31 309.84
310 60.32
311 1609.21
313 212.95
314 62.02
315 20.33
316 195.26
317 2199.35
318 163.40
322 53.00
323 1749.42
324 208.34
325 35.10
327 73.75
328 104.26
329 206.68
330 220.42
331 218.05
332 164.75
334 215.91
337 267.58
338 353.20
339 79.78
34 99.89
340 204.52
342 55.06
343 124.61
344 180.08
345 347.46
346 338.74
347 211.14
348 720.90
349 55.41
35 2129.83
350 221.41
351 61.84
352 223.17
353 70.89
357 181.12
359 287.33
36 212.13
361 149.13
362 305.20
363 137.94
364 157.08
365 2089.06
366 321.42
367 234.69
368 149.88
369 20.17
37 1715.22
371 1180.93
374 213.60
376 151.56
38 252.68
380 2211.27
381 255.09
384 2884.85
385 1926.53
386 191.90
387 2615.13
389 2023.12
39 329.04
390 218.84
391 397.31
392 225.04
393 1946.03
394 298.86
395 183.81
396 226.84
397 322.94
398 319.06
4 1715.19
40 176.09
400 328.43
41 299.62
42 213.08
43 204.96
44 2359.04
45 67.78
46 197.06
47 60.37
48 174.67
49 141.23
50 289.63
51 197.74
52 123.51
53 490.11
54 61.49
55 318.95
58 1710.84
6 47.01
60 261.36
61 60.41
62 61.34
63 88.76
64 1812.48
65 22.39
66 88.37
67 324.01
68 54.96
69 1794.03
7 311.43
70 199.66
71 316.42
72 169.40
73 245.28
74 1455.39
77 178.49
78 91.51
79 144.56
8 217.70
80 137.42
81 63.35
82 93.26
83 250.29
84 229.69
85 114.20
86 193.27
87 173.20
88 164.24
89 976.30
9 336.68
90 148.28
91 1869.19
92 59.57
93 223.13
94 61.01
96 178.65
97 252.86
98 1982.80
99 230.24
