1 592.57
2 2062.63
3 1388.26
4 2298.43
6 131.90
7 1074.11
8 728.70
9 967.77
10 1848.17
11 3962.43
12 519.41
13 2082.79
14 710.87
16 331.87
17 4514.99
18 679.35
19 1126.43
20 153.00
23 855.88
24 642.29
27 400.70
28 1342.96
29 163.11
30 569.73
31 928.30
34 290.32
35 3108.21
36 774.33
37 3558.05
38 1605.51
39 1226.36
40 540.68
41 1044.61
42 777.30
43 1149.34
44 3340.47
45 191.01
46 689.78
47 230.39
48 673.12
49 686.14
50 1018.47
51 525.46
52 348.61
53 1274.67
54 179.75
55 941.10
58 4245.94
60 717.87
62 165.80
63 268.49
64 2556.59
66 256.34
67 961.78
68 172.91
69 2703.17
70 444.51
71 946.37
72 562.27
73 811.22
74 3173.48
77 609.90
78 253.47
79 388.86
80 436.30
81 205.73
82 249.42
83 770.49
84 708.75
85 387.95
86 530.02
87 658.39
88 612.47
89 2532.15
90 597.54
91 2755.93
92 161.22
93 759.71
94 178.25
96 755.77
97 885.63
98 3060.97
99 513.11
100 885.66
102 1192.61
103 1943.98
104 266.90
105 1043.23
107 106.16
109 301.17
111 4889.82
112 1003.56
113 2896.98
114 1752.22
115 905.85
116 689.75
118 402.52
119 164.85
120 581.17
121 229.90
123 927.39
125 2331.53
127 2821.84
128 796.22
130 884.47
131 2049.07
132 2037.13
133 774.62
134 555.02
137 669.57
140 1007.44
141 764.15
142 528.56
144 345.90
145 1067.02
147 192.81
148 781.78
149 933.18
150 963.97
151 235.55
152 562.05
153 518.73
155 3461.46
156 613.32
157 2868.04
158 2791.52
159 2154.58
160 2936.30
161 537.19
162 353.87
163 1005.39
164 421.26
167 762.71
168 3544.51
169 1078.88
170 796.76
171 945.89
173 2435.82
175 595.69
176 836.64
178 3392.73
179 229.93
180 1001.89
181 602.74
182 150.16
183 1360.04
184 947.64
185 180.35
186 167.19
187 2058.92
189 1280.31
190 614.58
191 603.80
192 521.59
193 2579.66
194 553.61
197 709.13
198 995.86
199 657.62
200 728.52
201 914.10
202 1286.06
205 148.56
206 613.10
207 2106.71
208 825.23
209 3332.10
211 359.47
213 163.88
214 558.13
215 372.87
216 614.95
217 818.06
218 3336.92
219 979.96
220 3594.82
221 968.61
222 2410.78
223 545.41
224 1468.78
225 974.05
226 573.49
227 648.24
228 2288.80
229 2185.69
230 239.55
232 2215.43
233 1034.78
234 451.15
235 1183.06
237 578.76
238 309.27
239 875.83
241 816.04
242 2028.62
243 365.94
244 2145.98
245 442.89
246 2051.81
247 767.18
249 741.49
250 2546.33
251 688.02
252 1417.65
253 1088.11
254 784.23
255 629.57
256 454.36
257 1890.52
258 3894.62
259 2792.03
260 255.65
261 218.56
262 377.71
265 1487.47
266 865.81
268 725.78
269 681.04
270 2043.00
271 607.88
272 2269.32
273 458.39
274 270.95
275 3601.83
276 652.31
278 466.60
279 3234.53
280 791.86
281 1028.08
282 973.62
283 514.54
285 558.88
287 148.39
288 677.17
289 3472.82
290 950.51
292 718.07
293 516.30
295 1043.13
296 4695.29
297 867.00
300 3242.48
301 1518.25
304 839.58
305 752.81
306 903.10
307 708.88
308 2778.34
310 181.34
311 2442.22
313 544.79
314 188.94
316 563.51
317 2775.30
318 500.78
322 158.78
323 2693.07
324 631.61
326 310.11
327 252.36
328 374.13
329 603.29
330 755.16
331 727.30
332 439.98
334 631.23
335 993.37
337 2174.10
338 1033.35
339 240.89
340 686.36
343 406.12
344 691.55
345 1093.04
346 465.03
347 876.30
348 1978.29
349 189.78
350 1213.36
351 183.14
352 585.25
357 537.61
359 903.03
361 651.21
362 925.31
363 731.32
364 586.13
365 2876.80
366 943.82
367 799.58
368 362.99
371 3478.07
374 745.64
376 623.45
379 229.15
380 3579.07
381 1820.17
384 4163.34
385 2742.31
386 622.76
387 3540.95
389 2856.41
390 716.74
391 1465.01
392 873.56
393 2488.03
394 2196.79
395 546.48
396 1127.40
397 954.25
398 949.41
400 865.65
