1 42.57
10 69.23
100 50.00
102 54.71
103 67.88
104 22.04
105 91.89
107 11.10
108 18.28
109 25.04
11 710.77
111 421.20
112 87.64
113 565.31
114 59.97
115 83.88
116 56.59
118 46.91
119 18.87
12 42.34
120 35.35
121 15.63
123 82.95
125 199.22
127 547.62
128 53.96
129 22.68
13 65.83
130 52.93
131 187.37
132 186.03
133 43.66
134 40.07
137 45.57
14 44.29
140 84.15
141 49.59
142 64.97
143 21.04
144 39.21
145 73.52
147 14.68
148 53.88
149 69.40
15 9.46
150 84.49
151 19.80
152 48.52
153 27.87
155 538.41
156 50.94
157 566.85
158 495.15
159 204.55
16 23.32
160 486.60
161 45.22
162 40.52
163 87.37
164 42.29
167 47.08
168 553.67
169 90.22
17 262.00
170 45.13
171 84.89
173 434.21
175 30.05
176 49.48
178 571.87
179 18.65
18 28.34
180 91.39
181 35.45
182 16.46
183 116.80
184 99.63
185 20.98
186 16.46
187 63.10
189 91.70
19 54.22
190 29.55
191 29.78
192 38.14
193 174.43
194 45.62
196 21.11
197 41.67
198 47.29
199 40.86
2 66.12
20 14.55
201 45.93
202 47.22
205 15.72
206 46.40
207 456.28
208 76.11
209 583.19
211 40.29
213 16.34
214 46.50
215 159.44
216 44.47
217 80.65
218 517.45
219 47.71
220 409.26
221 83.43
222 163.29
223 37.48
224 120.99
225 83.84
226 36.85
227 45.63
228 269.28
229 69.05
23 47.97
230 18.55
232 51.25
233 92.42
234 35.90
235 83.21
237 56.36
238 31.97
239 47.31
24 34.67
241 53.40
242 66.49
243 43.16
244 68.06
245 37.95
246 66.43
247 27.42
249 44.89
25 12.95
250 475.33
251 43.05
252 118.29
253 53.97
254 25.41
255 34.82
256 34.45
257 82.76
258 270.91
259 459.30
260 22.64
262 41.69
263 21.79
265 125.87
266 49.71
268 43.32
269 42.48
27 27.22
270 61.84
271 43.16
272 418.30
273 24.84
275 631.90
276 28.69
278 34.02
279 508.74
28 117.80
280 26.93
281 87.16
282 78.53
283 42.30
285 41.31
287 11.95
288 43.40
289 528.85
29 21.79
290 83.68
292 56.92
293 24.58
295 90.97
296 653.02
297 50.55
3 101.67
30 37.15
300 570.64
301 116.78
302 14.51
304 52.13
305 43.69
306 84.23
307 52.38
308 169.77
31 56.73
310 20.11
311 420.70
313 55.52
314 23.98
315 5.55
316 44.97
317 549.37
318 39.80
322 15.01
323 452.05
324 37.60
325 9.48
326 43.30
327 18.89
328 35.73
329 41.65
330 46.70
331 45.00
332 54.00
334 50.00
335 84.75
337 60.40
338 62.43
339 20.21
34 23.05
340 39.71
342 14.16
343 26.30
344 39.59
345 79.41
346 56.33
347 49.52
348 177.45
349 13.36
35 534.24
350 53.33
351 14.69
352 34.32
353 15.28
355 13.05
357 42.82
359 56.07
36 40.54
361 29.36
362 56.15
363 14.89
364 36.64
365 519.27
366 84.37
367 47.57
368 42.96
369 9.86
37 411.38
371 343.72
374 43.64
376 29.49
379 31.32
38 62.35
380 546.16
381 58.57
384 744.93
385 478.63
386 39.40
387 656.99
389 503.25
39 71.81
390 45.63
391 91.95
392 51.70
393 480.94
394 65.09
395 46.15
396 54.39
397 83.60
398 80.89
4 437.03
40 44.51
400 83.25
41 53.33
42 41.30
43 39.69
44 588.15
45 27.18
46 45.27
47 14.02
48 40.84
49 27.78
50 76.23
51 46.40
52 29.77
53 118.83
54 20.13
55 83.79
57 17.97
58 489.26
6 9.41
60 66.36
61 13.46
62 20.12
63 19.72
64 448.78
65 6.02
66 21.36
67 84.57
68 16.35
69 458.82
7 71.56
70 54.07
71 85.53
72 34.70
73 53.54
74 159.02
75 13.95
77 40.08
78 22.26
79 30.93
8 49.06
80 34.21
81 20.53
82 19.87
83 49.80
84 47.66
85 37.66
86 46.71
87 43.87
88 33.34
89 233.96
9 80.80
90 27.96
91 464.07
92 20.07
93 45.18
94 19.39
96 37.60
97 51.50
98 492.61
99 40.03
