1 38.39
10 58.91
100 24.58
102 55.18
103 68.68
104 21.91
105 91.05
108 13.62
109 24.58
11 709.40
111 419.69
112 87.27
113 563.97
114 57.97
115 77.21
116 56.55
117 10.75
118 49.25
119 12.26
12 36.33
120 35.72
121 14.89
123 77.68
125 203.24
127 544.32
128 47.73
129 13.19
13 64.56
130 51.90
131 194.07
132 187.50
133 44.25
134 37.43
137 46.14
14 44.61
140 82.85
141 49.21
142 47.60
143 29.75
144 34.70
145 74.50
147 19.11
148 58.02
149 72.11
150 81.49
151 18.29
152 45.52
153 28.83
155 551.24
156 49.97
157 562.26
158 485.12
159 236.75
16 23.57
160 483.01
161 43.61
162 24.51
163 85.92
164 40.42
167 45.73
168 553.42
169 89.27
17 185.78
170 41.24
171 85.19
173 445.08
175 28.11
176 44.95
178 570.97
179 17.82
18 29.13
180 86.13
181 34.48
182 11.92
183 117.15
184 104.88
185 14.14
186 11.93
187 64.22
189 86.94
19 56.47
190 28.08
191 28.80
192 39.04
193 179.44
194 45.84
196 12.67
197 48.54
198 45.39
199 43.50
2 68.37
20 13.01
201 45.50
202 49.64
205 11.64
206 45.25
207 454.21
208 73.24
209 584.12
211 36.58
213 13.87
214 43.89
215 32.44
216 45.92
217 87.53
218 520.56
219 47.28
220 382.49
221 81.87
222 160.05
223 37.18
224 119.41
225 81.47
226 37.58
227 56.52
228 313.82
229 70.21
23 45.35
230 18.34
232 50.27
233 92.02
234 34.96
235 82.41
237 52.63
238 42.25
239 44.37
24 32.36
241 52.54
242 69.38
243 44.73
244 66.18
245 35.96
246 68.23
247 28.25
249 42.46
25 9.52
250 480.43
251 43.04
252 112.40
253 55.85
254 26.64
255 31.54
256 31.94
257 81.52
258 273.16
259 462.90
260 21.40
261 25.66
262 36.76
263 18.52
265 129.72
266 48.18
268 40.18
269 38.98
27 26.36
270 66.16
271 42.35
272 421.09
273 27.49
275 631.63
276 29.10
278 33.45
279 506.05
28 115.48
280 29.21
281 86.04
282 79.46
283 40.37
285 42.20
287 11.26
288 43.13
289 528.88
29 11.37
290 80.19
292 56.22
293 24.19
294 16.78
295 89.70
296 650.04
297 48.07
3 114.71
30 36.50
300 556.21
301 114.39
302 15.07
304 43.54
305 39.82
306 81.16
307 44.79
308 184.02
31 55.78
310 18.78
311 407.57
313 59.72
314 14.25
316 43.99
317 549.08
318 42.39
322 11.80
323 402.44
324 33.53
326 31.55
327 17.75
328 30.25
329 39.65
330 41.05
331 39.78
332 44.05
334 43.49
335 84.76
337 63.80
338 61.12
339 19.53
34 26.28
340 35.69
342 15.21
343 25.80
344 37.95
345 77.68
346 53.05
347 47.84
348 176.87
349 11.52
35 530.16
350 56.66
351 13.98
352 33.02
353 14.02
355 12.79
356 14.76
357 43.29
359 53.73
36 40.19
361 30.50
362 55.61
363 27.24
364 37.60
365 526.07
366 59.81
367 42.80
368 46.42
37 425.00
371 321.31
374 43.66
376 29.74
379 23.59
38 57.39
380 545.46
381 58.01
384 728.97
385 480.23
386 35.96
387 653.01
389 503.62
39 72.64
390 39.94
391 96.32
392 52.69
393 482.47
394 67.55
395 47.58
396 54.69
397 78.27
398 77.89
4 446.58
40 43.16
400 77.90
41 51.47
42 42.92
43 43.99
44 589.99
45 15.41
46 46.05
47 23.46
48 37.67
49 29.00
50 81.25
51 43.68
52 29.18
53 116.33
54 18.52
55 77.58
58 531.61
6 9.20
60 67.63
62 12.13
63 19.75
64 453.92
66 21.65
67 81.88
68 13.17
69 464.53
7 69.48
70 44.41
71 83.20
72 34.46
73 47.99
74 168.84
76 12.07
77 38.61
78 20.75
79 30.39
8 49.59
80 33.50
81 17.77
82 19.53
83 46.19
84 47.15
85 28.84
86 43.00
87 43.83
88 30.73
89 238.58
9 83.61
90 28.25
91 465.62
92 12.14
93 41.57
94 17.89
96 39.09
97 48.12
98 491.92
99 39.23
