181 10239207099
119 10281701231
269 10401484536
170 10542125777
126 10669179
16 10987155136
234 11069190580
50 112045760285
189 113371971069
72 11628799041
133 11956091116
91 119812508
256 120649272584
179 12577111254
163 1268933050
160 126932903
37 1281592969
208 129231
209 138294973
196 14559622265
52 148306652
245 14842244918
216 14889625085
92 15009753278
108 15089313776
61 151159541
215 152070324384
178 155550832
48 15746869424
19 16119757613
62 16585013290
314 16762349017
111 16853074668
204 172
89 17268137
273 17466889524
218 180866226
185 18602226258
279 187839287
174 1921381
29 19454669938
155 1990531073
38 20127402781
3 204946235181
275 210648091
68 21113042253
157 213736118
264 219169
164 223385454448
35 223398794
296 224517260
206 22607110874
131 228934074
114 23008182022
98 231946275
102 24601354484
317 247154433
78 24868626297
250 249950965
113 252086504
168 253562528
315 262803741
194 267369861345
118 270571143235
211 274349919705
243 275650463794
45 27602552093
144 276544990289
81 28275218706
289 284019949
127 294708386
63 3016664065
94 30412716213
25 314663689
10 31683903978
53 32552904
107 325573222
253 32557672427
54 32907593839
44 341765761
66 341958247
6 34913772
270 35068520169
310 35893958879
230 3722862989
132 372408231
187 39695320749
13 40143391966
27 4350375109
260 4368540239
241 43695832210
151 46801986055
106 47282
79 4879675184
15 494081147
244 49469430077
121 5088397004
116 522016
242 52596159134
148 52616664981
82 5438288071
220 54456317
2 56049955138
103 57015337626
205 5719743467
224 603135960
229 62408071637
182 6370707712
295 664219361
85 66858182823
262 67795078270
12 6931772040
156 715351801
287 718608992
137 72764829441
186 7379261423
195 7664544
149 76691512365
246 76708355445
278 7719613432
87 79702673635
301 837719005
109 88532405
21 9027390
288 9047158323
65 912759547
351 1020960670
322 10691133197
374 12442166820
345 125958061831
339 1560356054
323 15905
388 16509959
344 19612882059
389 204337178
343 20961233837
385 219027162
396 24549795244
395 264047376114
381 28956456031
328 290117904937
380 297767239
350 30088480534
369 314793496
337 35189038710
364 36712508734
327 4007449003
373 41515
325 45284030
384 4954267
333 5704
394 59447202484
353 703151268
349 863156972
