102 20457493803
103 44301892703
106 41864
107 183082281
108 3912403009
109 51198540
111 2503121352
114 17654359329
116 554900
119 3054290909
12 1378631428
121 1913435744
126 4772736
127 114239705
13 32014750258
131 193950706
132 480432138
133 8078844050
148 13945776410
149 18751864495
15 112124485
151 21449090859
155 496794269
156 373385938
157 106318659
16 3314615421
160 69911751
168 156701057
170 7365196197
174 1865123
178 51353901
179 5208254127
181 1536215464
182 1707276186
185 5430571900
186 1889308924
187 32737175166
189 31351576167
19 18259654735
195 51209715
196 4567498518
2 47761628910
204 169
205 1418000248
206 5525252151
208 462754
209 53419401
21 3411278
216 2967101695
218 81835799
220 49055461
224 311975459
229 47149017559
230 461151507
234 5688517367
241 10942574719
242 44470613307
244 43103082702
245 3521219048
246 50986723041
25 235118068
253 21376407444
260 1475778744
264 165004
269 7219141201
27 993526456
270 36652174669
273 9166600328
275 55396882
278 2407501170
279 128348747
287 178309691
288 7366708276
289 111701621
29 4893498398
295 461693582
296 290107026
301 320531099
310 14925126049
314 5499156590
315 91855166
317 98372818
322 3003228241
323 19391
325 27389566
327 924103104
333 5212
337 34530516968
339 1184242611
343 16560292655
344 7475547888
345 26329359883
349 124489367
35 154651076
350 19074170177
351 270446987
353 1258977073
364 8763684836
369 162934098
373 26787
374 7761317918
38 18570718343
381 22289815295
385 180826031
388 7022665
389 139314844
394 43372768353
396 18333358171
44 129512383
45 8058926869
48 7359096963
50 32096017149
52 84034111
53 9012674
54 13771771168
6 11156989
61 102713481
62 3784875986
63 408978383
65 227302420
66 139827359
68 6147073992
72 2753270473
78 9319882528
79 1495906488
81 13367254788
82 743261112
89 4806800
91 67902666
92 3501386162
94 14201777781
98 131172480
