1 92224921600
2 4580509246
3 29076541440
4 2982080512
5 21528763
6 177593944
7 93699436544
8 113074827264
9 1280127692
10 1879331520
11 13484032
12 19559002112
13 3401145282
14 78005526528
15 44162561
16 7015641207
17 2646344163
18 7790026752
19 2369656495
20 6179215291
21 7613615
22 147684883
23 34164494336
24 46192926720
25 110698363
26 8177357863
27 695507159
28 91492237312
29 4313131662
30 64274202624
31 30073032704
32 24698901
33 39256010
34 9075037192
35 911196160
36 45624152064
37 7570167948
38 1154195557
39 125121843200
40 20846387200
41 79345885184
42 9351823360
43 2026623867
44 1484599296
45 8977794233
46 1454296033
47 54827006159
48 1343627283
49 6919311360
50 18266414062
51 46997491712
52 2307012740
53 254986282
54 17747100453
55 2072234409
56 98275608
57 1374668785
58 1241149440
59 188864600
60 187997571
61 47825782
62 2668300386
63 14903222272
64 2301788160
65 48836328
66 104301049
67 3875368221
68 4800176192
69 2648408064
70 2531373285
71 3437004514
72 17579704320
73 106792402944
74 370207766
75 8553855821
76 17425373835
77 59354107904
78 51388186624
79 3350605955
80 348580818
81 12688983243
82 15335780352
83 104178937856
84 12202459136
85 15693963264
86 48473923584
87 6904844288
88 37241602048
89 174904822
90 13788880896
91 745821917
92 2734771763
93 95690862592
94 21991640718
95 1396351
96 10634350592
97 103375732736
98 1173282816
99 19358208000
100 30297661440
101 1762887232
102 2642988947
103 4370065878
104 7936997839
105 157084409
106 2509551
107 81692822
108 2693913160
109 38106753
110 6576378
111 2807517184
112 602393775
113 2099441664
114 1445134144
115 1209887846
116 53614850
117 271111901
118 34247467008
119 2354680457
120 33939918848
121 5150590472
122 1904962
123 1999406295
124 8450478578
125 52149604352
126 26295279
127 1949802496
128 100424912896
129 11672153835
130 53624520704
131 5538559117
132 1131480117
133 1254002061
134 69658673152
135 60403821
136 5536201
137 17196208128
138 1562408179
139 9001486115
140 409405461
141 22062026752
142 22012325888
143 6226296546
144 26591567872
145 39733891072
146 4197733210
147 11414212608
148 9638958570
149 14137216963
150 3258907051
151 14567191227
152 38359556096
153 8093700096
154 92132161
155 7870030420
156 856434992
157 1338552320
158 3686318080
159 28453879808
160 525665017
161 56404115456
162 37835911168
163 138837244
164 23691071488
165 650040577
166 33897460
167 21684400128
168 882802688
169 187778244
170 1647691364
171 70536894384
172 8794517538
173 2974908416
174 21187982
175 13843800064
176 103645188096
177 25487337
178 852664313
179 5357451315
180 141270818
181 18388291584
182 1168744176
183 92123684864
184 5047082137
185 3449522227
186 1203636185
187 3324304185
188 533318
189 35963265024
190 9948033024
191 7955010604
192 8906805248
193 27681316864
194 45500936192
195 56240859
196 3479566713
197 81300398080
198 20947324928
199 72031948800
200 1144648839
201 8223469568
202 1501282661
203 189386
204 452662
205 806420741
206 3270890341
207 4042080256
208 33521520
209 793427918
210 8779255
211 29402472448
212 243255549
213 1577839605
214 44160348160
215 22038437888
216 4817635092
217 58037962
218 488776799
219 74298429440
220 62382080
221 2631089177
222 30224547840
223 68161708032
224 1329585860
225 2556418730
226 61056782336
227 1253995980
228 21262426112
229 4798213211
230 16265919548
231 11529151316
232 21224161280
233 229466882
234 9713021214
235 49641451520
236 369356
237 20533436416
238 757449989
239 44741214208
240 1428253963
241 6669732488
242 4751167173
243 33940090880
244 4666599855
245 1623024651
246 4599254571
247 6173913088
248 840399150
249 88067870720
250 1698271232
251 83865706496
252 876758359
253 2621271182
254 5640835072
255 31293468672
256 57845043200
257 8236441600
258 19021742080
259 3191975936
260 4594121850
261 446258948
262 25101250560
263 63806151
264 708100
265 29756493824
266 22005358592
267 10978964
268 56135409664
269 1357175091
270 3227762423
271 25564475392
272 297070592
273 6895853568
274 519034205
275 911890063
276 6923341824
277 96039312
278 959153486
279 953966592
280 5332439040
281 422218394
282 57263140
283 21222436864
284 402644865
285 40199868416
286 46545885
287 1832399522
288 1674995813
289 1541767168
290 2074959560
291 83150254
292 52383735808
293 12775280610
294 358111236
295 330299701
296 681459618
297 22135336960
298 25590849
299 57762550
300 55076577280
301 97445609
302 5846682223
303 1268649481
304 65021345792
305 92050264064
306 3271982557
307 1675141421
308 7124869120
309 882920508
310 24549072896
311 3326148608
312 30086176
313 51845372
314 5908059134
315 29050583
316 47427964928
317 1253621760
318 59620347904
319 39886010
320 7485871
321 8097509878
322 1914106010
323 361354405
324 39229480960
325 57477298
326 8801462591
327 1887590333
328 27960176640
329 24694554624
330 96974532608
331 63812632576
332 516151274
333 181056
334 21814489088
335 480792237
336 4145454
337 3203224647
338 29802115072
339 2772414157
340 90733006848
341 30564998
342 9623863862
343 9257103360
344 1404448022
345 23153411422
346 14353772544
347 21136396288
348 11438442462
349 2569574756
350 2550273397
351 1978810637
352 30506610688
353 2311914103
354 223778
355 1441782175
356 10671446499
357 54165057536
358 136276130
359 77774872576
360 88836561
361 8933707776
362 71510097920
363 6456856576
364 15730806784
365 3516768256
366 2449627770
367 69682053120
368 94944389
369 40918244
370 2013114
371 2125885440
372 661453
373 201618
374 1377623868
375 503683
376 11911409664
377 123007931
378 153870749
379 722067336
380 1606467584
381 1610648984
382 61602154
383 55200
384 461721600
385 1024262144
386 31898714112
387 12066816
388 46923782
389 1095405568
390 78275522560
391 124384329728
392 110201634816
393 2197630976
394 4159652335
395 42047508480
396 2833162779
397 2033950066
398 1701889996
399 15276114
400 1922694374
