1 89844314112
10 1222767287
100 22857277440
101 4256230703
102 1431466441
103 3042336768
104 5803235687
105 144656771
106 2153212
107 51095313
108 2139674452
109 40018235
11 147365888
110 41926425
111 1856876544
112 128760548
113 2099441664
114 928700569
115 953264152
116 44701341
117 156527259
118 34970742784
119 1962446342
12 12922126336
120 38530015232
121 3163626118
122 1904962
123 1078575675
124 4166568567
125 78526373888
126 30456876
127 1952587776
128 88149073920
129 6849022468
13 2336354524
130 49017802752
131 3857485215
132 875566509
133 957891932
134 65066262528
135 52076427
136 3456422
137 11335012352
138 1051015218
139 4476203900
14 79133777920
140 112641273
141 15214333952
142 35872993280
143 13505732536
144 28858208256
145 64366678016
146 2302162222
147 7258476544
148 7982451751
149 10528513182
15 22772383
150 2537430282
151 13911695356
152 40738750464
153 4600938496
154 648900558
155 4887868770
156 811161963
157 1385635840
158 3814498304
159 18854133760
16 5626168542
160 532085333
161 54678212608
162 28885168128
163 135915096
164 16995053568
165 174198956
166 16895095
167 13903949824
168 873171027
169 300368827
17 2393775767
170 1005889214
171 9980628376
172 715111315
173 3225202688
174 15151997
175 8247652352
176 114773827584
177 26765110
178 823286776
179 4496951355
18 4366573568
180 132889490
181 11995119616
182 916057912
183 85083078656
184 71517025614
185 3058655209
186 997605705
187 2217896679
188 1079786
189 20658618368
19 1559855984
190 5608370176
191 8438079488
192 5430972416
193 19761487872
194 41440878592
195 32730950
196 3136363119
197 81755701248
198 14184505344
199 76784283648
2 2956935168
20 5314612955
200 202454286
201 5053079552
202 2232053760
203 189314
204 452662
205 599544872
206 2604082387
207 4186370048
208 28307502
209 835974516
21 6410624
210 15427148
211 32422453248
212 299050689
213 5928452514
214 43200344064
215 13442490368
216 4013826741
217 57006644
218 472444972
219 68455198720
22 31401921
220 53686272
221 2617982514
222 24700542976
223 59940098048
224 1280168824
225 1176968277
226 53129883648
227 1302235246
228 16818044928
229 3139584000
23 32745758720
230 8415469494
231 1077326807
232 16965214208
233 309688956
234 6695686336
235 77527207936
236 360031
237 33265299456
238 975637966
239 42230018048
24 33439854592
240 601188881
241 7990329392
242 2847711232
243 35107172352
244 3051065344
245 1401703773
246 2990977024
247 3464429568
248 755744884
249 86173659136
25 123087519
250 1777053696
251 74613686272
252 567621228
253 1637198510
254 3219849216
255 34002591744
256 51406057472
257 6342680576
258 16271892480
259 3414515712
26 5251032167
260 3475121768
261 1232802305
262 32980959232
263 27463429
264 674854
265 18263781376
266 14789357568
267 5467364
268 64964165632
269 771661847
27 504085674
270 2552232804
271 35463634944
272 25120178176
273 4174344192
274 145484847
275 745479139
276 3862945792
277 102562664
278 998927279
279 986664960
28 83563331584
280 3052183552
281 337781944
282 62357096
283 29922258944
284 59712554
285 31339991040
286 189511524
287 981897885
288 1113184798
289 1671397376
29 3524017236
290 1006122004
291 224793638
292 31825416192
293 8474399793
294 395618035
295 343159580
296 814661116
297 15323422720
298 26065012
299 44472313
3 18623660032
30 54810238976
300 63214596096
301 83704910
302 2410081452
303 5212387673
304 67482275840
305 88667594752
306 1233834175
307 1244819182
308 7238164480
309 187788996
31 18559131648
310 23943147571
311 3494842368
312 33087832
313 46294981
314 5220758763
315 22797152
316 45213716480
317 1294065664
318 70193348608
319 33181590
32 50055325
320 42524461
321 712456592
322 1554197390
323 361405073
324 27502804992
325 52742412
326 22135442711
327 804140531
328 29221888000
329 16235257856
33 47592459
330 87431667712
331 57497231360
332 996127872
333 180158
334 26962935808
335 242375926
336 2919412
337 2147995161
338 18924871680
339 2010039332
34 5652017342
340 95979106304
341 49438343
342 13069247075
343 5516836864
344 938012288
345 14661320517
346 21863997440
347 14190092288
348 2835419263
349 1714640818
35 965730304
350 1739802884
351 1069763822
352 52209532928
353 1587325696
354 222030
355 949275949
356 6427165143
357 53029765120
358 79756596
359 68134207488
36 40475295744
360 27783780
361 5027422208
362 69213229056
363 3664838656
364 10167513088
365 3668672512
366 1752962731
367 69255036928
368 60441155
369 31653029
37 6518233983
370 606189
371 1930121216
372 609733
373 119685
374 853011890
375 312277
376 6667694080
377 26651574
378 43782379
379 238106591
38 670401374
380 1675300864
381 1076334190
382 25530032
383 55200
384 788938752
385 1077157888
386 23805505536
387 51019776
388 45936612
389 1163513856
39 116613373952
390 71296503808
391 108281212928
392 108518285312
393 2414796800
394 2899419136
395 38836862976
396 1751282019
397 1123853673
398 1358459570
399 15276114
4 3232628736
40 27425738752
400 973376013
41 69122531328
42 5679493120
43 120261372
44 2534551552
45 8099409854
46 1024320805
47 55809030134
48 820042681
49 3946991616
5 8180582
50 18014014053
51 48824553472
52 1863878207
53 265637669
54 13489577082
55 858750729
56 531780697
57 2476047448
58 1462620160
59 66189616
6 197500995
60 88676816
61 49180539
62 2237371800
63 9482665984
64 2659217408
65 36613584
66 103652624
67 1197135629
68 4054234971
69 2964545536
7 60543856640
70 740096415
71 1134345334
72 12550979584
73 101125828608
74 1943939037
75 5788391524
76 5709402650
77 64915398656
78 39935111168
79 2840832405
8 146519416832
80 289263170
81 11480791426
82 10283163648
83 93513379840
84 7550697472
85 11700293632
86 50618736640
87 4173103104
88 41673408512
89 105873786
9 1886880706
90 7833395200
91 635956080
92 2345699448
93 91019243520
94 19952571142
95 1383631
96 6610292736
97 97153699840
98 1249869824
99 31999803392
