273 10260502698
82 1042695579
215 104694705854
178 108206342
133 10863003775
269 11163691204
160 112812700
48 11304695276
17 1138384752
61 114057239
63 1145924256
91 117311501
157 117874194
296 121397302
230 1227381122
206 12332187285
52 123379735
344 12635194596
374 13752955666
170 13862321179
369 146648635
78 14846459321
265 149962831362
288 15204744266
155 1549876453
45 15787743867
323 15949
343 17000741220
327 1701591537
317 171929803
204 172
53 17460501
44 174813089
389 179138773
264 179810
144 180483911660
388 18209499
289 182136609
35 182844800
107 186315458
243 188058161215
174 1918933
208 192451
279 192615711
94 19438163914
6 19546180
114 19653022854
113 197860078
131 201637607
54 20173332654
250 202883959
385 203270984
127 207762901
98 208220476
315 209418767
328 209935387095
310 21912502245
66 219392805
380 227170386
339 2320793311
168 233233885
81 23367505468
381 23697756281
27 2372335390
241 25641093879
350 25995773309
19 27362304165
151 27674472475
384 27689429
10 27909915727
38 28050355598
121 2820899868
79 2924300039
205 2956747397
270 29891208042
253 30147552271
373 30417
181 3093072110
364 30987249829
396 31061716807
148 31148085236
337 31153909904
224 317176277
102 31930837433
21 3263843
349 327617430
15 338462981
182 3399191547
12 3461719388
353 3465166054
116 350220
301 352258160
72 3537531350
260 3569365361
65 369238168
186 3789107604
287 384261844
149 40129627123
13 42234950571
85 43789562400
109 43893344
216 4501053844
351 450175483
111 4554926353
25 463752143
187 47817531713
132 510673292
333 5212
345 52905123070
16 5309108235
220 54774288
189 55155844961
2 56199536848
278 5627036590
325 56505352
322 5657386092
246 57008142398
119 5781265365
244 59529955450
103 59586604334
394 59747508529
89 6010647
242 61316356175
229 61466867255
156 624506584
106 63667
50 64638105882
295 658792839
256 66743561231
163 674642725
108 6830441226
92 6918778394
262 71562004896
62 7282594948
275 74553975
179 7594614933
126 7661712
196 7681512055
234 8031171904
3 84330615553
195 8508654
29 8587964551
185 8688781588
209 88206601
314 9001454340
218 92194026
245 9283076889
37 952226995
68 9818591381
